0 Dome  2 x  2 Inverted Ovoid with Studs
0 Name: 24947.dat
0 Author: Philippe Hurbain [Philo]
0 !LDRAW_ORG Part UPDATE 2016-01
0 !LICENSE Redistributable under CCAL version 2.0 : see CAreadme.txt
0 BFC CERTIFY CCW
0 !CATEGORY Sphere
0 !HISTORY 2016-12-31 [PTadmin] Official Update 2016-01
1 16 10 0 10 1 0 0 0 1 0 0 0 1 stud6a.dat
1 16 -10 0 10 0 0 -1 0 1 0 1 0 0 stud6a.dat
1 16 -10 0 -10 -1 0 0 0 1 0 0 0 -1 stud6a.dat
1 16 10 0 -10 0 0 1 0 1 0 -1 0 0 stud6a.dat
0 BFC INVERTNEXT
1 16 0 28 0 4 0 0 0 -4 0 0 0 4 4-4cylo.dat
1 16 0 24 0 2 0 0 0 1 0 0 0 2 4-4ring2.dat
1 16 0 24 0 6 0 0 0 1 0 0 0 6 4-4edge.dat
0 BFC INVERTNEXT
1 16 10 0 10 0 0 -3.5 0 8 0 3.5 0 0 4-4cyli.dat
1 16 10 0 10 0 0 -3.5 0 1 0 3.5 0 0 4-4edge.dat
1 16 10 0 10 0 0 -4 0 1 0 4 0 0 4-4edge.dat
1 16 10 0 10 0 0 -0.5 0 1 0 0.5 0 0 4-4ring7.dat
0 BFC INVERTNEXT
1 16 10 8 10 2.47487 0 -2.47487 0 5 0 2.47487 0 2.47487 4-4cyls.dat
1 16 10 13 10 2.47487 0 -2.47487 -5 1 0 2.47487 0 2.47487 4-4edge.dat
1 16 10 13 10 2.47487 0 -2.47487 -5 1 0 2.47487 0 2.47487 4-4disc.dat
0 BFC INVERTNEXT
1 16 0 28 0 -4 0 0 0 -4 0 0 0 4 4-4cylo.dat
1 16 0 28 0 -2 0 0 0 -1 0 0 0 2 4-4ring2.dat
1 16 0 24 0 -6 0 0 0 1 0 0 0 6 4-4edge.dat
0 BFC INVERTNEXT
1 16 -10 0 10 0 0 3.5 0 8 0 3.5 0 0 4-4cyli.dat
1 16 -10 0 10 0 0 3.5 0 1 0 3.5 0 0 4-4edge.dat
1 16 -10 0 10 0 0 4 0 1 0 4 0 0 4-4edge.dat
1 16 -10 0 10 0 0 0.5 0 1 0 0.5 0 0 4-4ring7.dat
0 BFC INVERTNEXT
1 16 -10 8 10 -2.47487 0 2.47487 0 5 0 2.47487 0 2.47487 4-4cyls.dat
1 16 -10 13 10 -2.47487 0 2.47487 -5 1 0 2.47487 0 2.47487 4-4edge.dat
1 16 -10 13 10 -2.47487 0 2.47487 -5 1 0 2.47487 0 2.47487 4-4disc.dat
2 24 -14.142 0 14.142 -7.654 0 18.478001
2 24 14.142 0 14.142 7.654 0 18.478001
2 24 7.654 0 18.478001 0 0 20
2 24 7.2268 0 15.2245 6.5059 0 15.7063
2 24 6.5059 0 15.7063 0 0 17
4 16 4.2426 24 4.2426 5.7573 21.983601 5.7573 4.1575 20.083401 9.2079 2.2962 24 5.5434
4 16 6.5059 0 15.7063 7.654 0 18.478001 0 0 20 0 0 17
4 16 6.3398 6.845 15.3052 6.5059 0 15.7063 0 0 17 0 6.845 16.565901
4 16 5.2723 13.395 13.5169 6.3398 6.845 15.3052 0 6.845 16.565901 0 13.395 14.5653
4 16 4.1575 20.083401 9.2079 5.2723 13.395 13.5169 0 13.395 14.5653 0 20.083401 10.1608
4 16 2.2962 24 5.5434 4.1575 20.083401 9.2079 0 20.083401 10.1608 0 24 6
3 16 6.8436 6.845 14.9685 6.3398 6.845 15.3052 5.2723 13.395 13.5169
4 16 6.5059 0 15.7063 6.3398 6.845 15.3052 6.8436 6.845 14.9685 7.2268 0 15.2245
2 24 5.7572 10.6462 14.2427 6.8436 6.845 14.9685
2 24 5.7572 10.6462 14.2427 5.2723 13.395 13.5169
2 24 6.8436 6.845 14.9685 7.2268 0 15.2245
2 24 5.2723 13.395 13.5169 4.4568 15.4366 12.2961
2 24 3.9998 18.960199 10 4.4568 15.4366 12.2961
2 24 4.1575 20.083401 9.2079 4.4567 21.123899 7.7039
2 24 3.9998 18.960199 10 4.1575 20.083401 9.2079
2 24 4.4567 21.123899 7.7039 5.7573 21.983601 5.7573
3 16 4.1575 20.083401 9.2079 4.4567 21.123899 7.7039 3.9998 18.960199 10
3 16 5.2723 13.395 13.5169 4.4568 15.4366 12.2961 5.7572 10.6462 14.2427
4 16 4.4566 0 7.7038 4.4567 21.123899 7.7039 5.7573 21.983601 5.7573 5.7574 0 5.7574
4 16 4 0 10 3.9998 18.960199 10 4.4567 21.123899 7.7039 4.4566 0 7.7038
4 16 4.4568 15.4366 12.2961 3.9998 18.960199 10 4 0 10 4.4566 0 12.2962
4 16 5.7572 10.6462 14.2427 4.4568 15.4366 12.2961 4.4566 0 12.2962 5.7574 0 14.2426
4 16 5.7574 0 14.2426 7.2268 0 15.2245 6.8436 6.845 14.9685 5.7572 10.6462 14.2427
4 16 7.654 0 18.478001 6.5059 0 15.7063 7.2268 0 15.2245 11.9387 0 15.6145
2 24 4.2983 20.573099 8.5 4.2983 0 8.5
2 24 4.2983 0 11.5 4.2984 16.6583 11.5
2 24 4.7505 16.5256 11.5 1.5 17.5277 11.5
2 24 1.5 21.3442 8.5 3.7979 20.84 8.5
2 24 3.7979 20.84 8.5 4.2983 20.573099 8.5
2 24 1.5 0 8.5 1.5 21.3442 8.5
2 24 1.5 17.5277 11.5 1.5 0 11.5
4 16 4.2984 16.6583 11.5 1.5 17.5277 11.5 1.5 0 11.5 4.2983 0 11.5
3 16 1.5 21.3442 8.5 3.7979 20.84 8.5 4.2983 20.573099 8.5
4 16 1.5 0 8.5 1.5 21.3442 8.5 4.2983 20.573099 8.5 4.2983 0 8.5
1 16 2.89915 0 10 -1.39915 0 0 0 1 0 0 0 -1.5 rect2p.dat
4 16 1.5 0 7.5 1.5 22.644199 7.5 1.5 21.3442 8.5 1.5 0 8.5
4 16 1.5 0 11.5 1.5 17.5277 11.5 1.5 16.627701 12.5 1.5 0 12.5
2 24 1.5 22.3016 7.5 1.5 21.3442 8.5
2 24 1.5 17.5277 11.5 1.5 16.0091 12.5
2 24 -7.654 0 18.478001 0 0 20
2 24 -7.2268 0 15.2245 -6.5059 0 15.7063
2 24 -6.5059 0 15.7063 0 0 17
4 16 -4.1575 20.083401 9.2079 -5.7573 21.983601 5.7573 -4.2426 24 4.2426 -2.2962 24 5.5434
4 16 0 0 20 -7.654 0 18.478001 -6.5059 0 15.7063 0 0 17
4 16 0 0 17 -6.5059 0 15.7063 -6.3398 6.845 15.3052 0 6.845 16.565901
4 16 0 6.845 16.565901 -6.3398 6.845 15.3052 -5.2723 13.395 13.5169 0 13.395 14.5653
4 16 0 13.395 14.5653 -5.2723 13.395 13.5169 -4.1575 20.083401 9.2079 0 20.083401 10.1608
4 16 0 20.083401 10.1608 -4.1575 20.083401 9.2079 -2.2962 24 5.5434 0 24 6
3 16 -6.3398 6.845 15.3052 -6.8436 6.845 14.9685 -5.2723 13.395 13.5169
4 16 -6.8436 6.845 14.9685 -6.3398 6.845 15.3052 -6.5059 0 15.7063 -7.2268 0 15.2245
2 24 -5.7572 10.6462 14.2427 -6.8436 6.845 14.9685
2 24 -5.7572 10.6462 14.2427 -5.2723 13.395 13.5169
2 24 -6.8436 6.845 14.9685 -7.2268 0 15.2245
2 24 -5.2723 13.395 13.5169 -4.4568 15.4366 12.2961
2 24 -3.9998 18.960199 10 -4.4568 15.4366 12.2961
2 24 -4.1575 20.083401 9.2079 -4.4567 21.123899 7.7039
2 24 -3.9998 18.960199 10 -4.1575 20.083401 9.2079
2 24 -4.4567 21.123899 7.7039 -5.7573 21.983601 5.7573
3 16 -4.4567 21.123899 7.7039 -4.1575 20.083401 9.2079 -3.9998 18.960199 10
3 16 -4.4568 15.4366 12.2961 -5.2723 13.395 13.5169 -5.7572 10.6462 14.2427
4 16 -5.7573 21.983601 5.7573 -4.4567 21.123899 7.7039 -4.4566 0 7.7038 -5.7574 0 5.7574
4 16 -4.4567 21.123899 7.7039 -3.9998 18.960199 10 -4 0 10 -4.4566 0 7.7038
4 16 -4 0 10 -3.9998 18.960199 10 -4.4568 15.4366 12.2961 -4.4566 0 12.2962
4 16 -4.4566 0 12.2962 -4.4568 15.4366 12.2961 -5.7572 10.6462 14.2427 -5.7574 0 14.2426
4 16 -6.8436 6.845 14.9685 -7.2268 0 15.2245 -5.7574 0 14.2426 -5.7572 10.6462 14.2427
4 16 -7.2268 0 15.2245 -6.5059 0 15.7063 -7.654 0 18.478001 -11.9387 0 15.6145
2 24 -4.2983 20.573099 8.5 -4.2983 0 8.5
2 24 -4.2983 0 11.5 -4.2984 16.6583 11.5
2 24 -4.7505 16.5256 11.5 -1.5 17.5277 11.5
2 24 -1.5 21.3442 8.5 -3.7979 20.84 8.5
2 24 -3.7979 20.84 8.5 -4.2983 20.573099 8.5
2 24 -1.5 0 8.5 -1.5 21.3442 8.5
2 24 -1.5 17.5277 11.5 -1.5 0 11.5
4 16 -1.5 0 11.5 -1.5 17.5277 11.5 -4.2984 16.6583 11.5 -4.2983 0 11.5
3 16 -3.7979 20.84 8.5 -1.5 21.3442 8.5 -4.2983 20.573099 8.5
4 16 -4.2983 20.573099 8.5 -1.5 21.3442 8.5 -1.5 0 8.5 -4.2983 0 8.5
1 16 -2.89915 0 10 -1.39915 0 0 0 1 0 0 0 -1.5 rect2p.dat
4 16 -1.5 21.3442 8.5 -1.5 22.644199 7.5 -1.5 0 7.5 -1.5 0 8.5
4 16 -1.5 16.627701 12.5 -1.5 17.5277 11.5 -1.5 0 11.5 -1.5 0 12.5
2 24 -1.5 22.3016 7.5 -1.5 21.3442 8.5
2 24 -1.5 17.5277 11.5 -1.5 16.0091 12.5
1 16 0 0 12 1.5 0 0 0 1 0 0 0 0.5 rect3.dat
1 16 0 0 8 -1.5 0 0 0 1 0 0 0 -0.5 rect3.dat
4 16 1.5 0 8.5 1.5 0 11.5 -1.5 0 11.5 -1.5 0 8.5
1 16 0 11.3221 7.5 0 0 1.5 11.3221 0 0 0 1 0 rect2p.dat
1 16 0 8.31385 12.5 0 0 1.5 -8.31385 0 0 0 -1 0 rect2p.dat
2 24 0 22.587999 7.5 1.5 22.3016 7.5
2 24 -1.5 22.3016 7.5 0 22.587999 7.5
2 24 1.5 16.0091 12.5 0 16.5312 12.5
2 24 -1.5 16.0091 12.5 0 16.5312 12.5
2 24 -14.142 0 -14.142 -18.478001 0 -7.654
2 24 -14.142 0 14.142 -18.478001 0 7.654
2 24 -18.478001 0 7.654 -20 0 0
2 24 -15.2245 0 7.2268 -15.7063 0 6.5059
2 24 -15.7063 0 6.5059 -17 0 0
4 16 -4.2426 24 4.2426 -5.7573 21.983601 5.7573 -9.2079 20.083401 4.1575 -5.5434 24 2.2962
4 16 -15.7063 0 6.5059 -18.478001 0 7.654 -20 0 0 -17 0 0
4 16 -15.3052 6.845 6.3398 -15.7063 0 6.5059 -17 0 0 -16.565901 6.845 0
4 16 -13.5169 13.395 5.2723 -15.3052 6.845 6.3398 -16.565901 6.845 0 -14.5653 13.395 0
4 16 -9.2079 20.083401 4.1575 -13.5169 13.395 5.2723 -14.5653 13.395 0 -10.1608 20.083401 0
4 16 -5.5434 24 2.2962 -9.2079 20.083401 4.1575 -10.1608 20.083401 0 -6 24 0
3 16 -14.9685 6.845 6.8436 -15.3052 6.845 6.3398 -13.5169 13.395 5.2723
4 16 -15.7063 0 6.5059 -15.3052 6.845 6.3398 -14.9685 6.845 6.8436 -15.2245 0 7.2268
2 24 -14.2427 10.6462 5.7572 -14.9685 6.845 6.8436
2 24 -14.2427 10.6462 5.7572 -13.5169 13.395 5.2723
2 24 -14.9685 6.845 6.8436 -15.2245 0 7.2268
2 24 -13.5169 13.395 5.2723 -12.2961 15.4366 4.4568
2 24 -10 18.960199 3.9998 -12.2961 15.4366 4.4568
2 24 -9.2079 20.083401 4.1575 -7.7039 21.123899 4.4567
2 24 -10 18.960199 3.9998 -9.2079 20.083401 4.1575
2 24 -7.7039 21.123899 4.4567 -5.7573 21.983601 5.7573
3 16 -9.2079 20.083401 4.1575 -7.7039 21.123899 4.4567 -10 18.960199 3.9998
3 16 -13.5169 13.395 5.2723 -12.2961 15.4366 4.4568 -14.2427 10.6462 5.7572
4 16 -7.7038 0 4.4566 -7.7039 21.123899 4.4567 -5.7573 21.983601 5.7573 -5.7574 0 5.7574
4 16 -10 0 4 -10 18.960199 3.9998 -7.7039 21.123899 4.4567 -7.7038 0 4.4566
4 16 -12.2961 15.4366 4.4568 -10 18.960199 3.9998 -10 0 4 -12.2962 0 4.4566
4 16 -14.2427 10.6462 5.7572 -12.2961 15.4366 4.4568 -12.2962 0 4.4566 -14.2426 0 5.7574
4 16 -14.2426 0 5.7574 -15.2245 0 7.2268 -14.9685 6.845 6.8436 -14.2427 10.6462 5.7572
4 16 -18.478001 0 7.654 -15.7063 0 6.5059 -15.2245 0 7.2268 -15.6145 0 11.9387
2 24 -8.5 20.573099 4.2983 -8.5 0 4.2983
2 24 -11.5 0 4.2983 -11.5 16.6583 4.2984
2 24 -11.5 16.5256 4.7505 -11.5 17.5277 1.5
2 24 -8.5 21.3442 1.5 -8.5 20.84 3.7979
2 24 -8.5 20.84 3.7979 -8.5 20.573099 4.2983
2 24 -8.5 0 1.5 -8.5 21.3442 1.5
2 24 -11.5 17.5277 1.5 -11.5 0 1.5
4 16 -11.5 16.6583 4.2984 -11.5 17.5277 1.5 -11.5 0 1.5 -11.5 0 4.2983
3 16 -8.5 21.3442 1.5 -8.5 20.84 3.7979 -8.5 20.573099 4.2983
4 16 -8.5 0 1.5 -8.5 21.3442 1.5 -8.5 20.573099 4.2983 -8.5 0 4.2983
1 16 -10 0 2.89915 0 0 1.5 0 1 0 -1.39915 0 0 rect2p.dat
4 16 -7.5 0 1.5 -7.5 22.644199 1.5 -8.5 21.3442 1.5 -8.5 0 1.5
4 16 -11.5 0 1.5 -11.5 17.5277 1.5 -12.5 16.627701 1.5 -12.5 0 1.5
2 24 -7.5 22.3016 1.5 -8.5 21.3442 1.5
2 24 -11.5 17.5277 1.5 -12.5 16.0091 1.5
2 24 -18.478001 0 -7.654 -20 0 0
2 24 -15.2245 0 -7.2268 -15.7063 0 -6.5059
2 24 -15.7063 0 -6.5059 -17 0 0
4 16 -20 0 0 -18.478001 0 -7.654 -15.7063 0 -6.5059 -17 0 0
4 16 -17 0 0 -15.7063 0 -6.5059 -15.3052 6.845 -6.3398 -16.565901 6.845 0
4 16 -16.565901 6.845 0 -15.3052 6.845 -6.3398 -13.5169 13.395 -5.2723 -14.5653 13.395 0
4 16 -14.5653 13.395 0 -13.5169 13.395 -5.2723 -9.2079 20.083401 -4.1575 -10.1608 20.083401 0
4 16 -10.1608 20.083401 0 -9.2079 20.083401 -4.1575 -5.5434 24 -2.2962 -6 24 0
3 16 -15.3052 6.845 -6.3398 -14.9685 6.845 -6.8436 -13.5169 13.395 -5.2723
4 16 -14.9685 6.845 -6.8436 -15.3052 6.845 -6.3398 -15.7063 0 -6.5059 -15.2245 0 -7.2268
2 24 -14.2427 10.6462 -5.7572 -14.9685 6.845 -6.8436
2 24 -14.2427 10.6462 -5.7572 -13.5169 13.395 -5.2723
2 24 -14.9685 6.845 -6.8436 -15.2245 0 -7.2268
2 24 -13.5169 13.395 -5.2723 -12.2961 15.4366 -4.4568
2 24 -10 18.960199 -3.9998 -12.2961 15.4366 -4.4568
2 24 -9.2079 20.083401 -4.1575 -7.7039 21.123899 -4.4567
2 24 -10 18.960199 -3.9998 -9.2079 20.083401 -4.1575
2 24 -7.7039 21.123899 -4.4567 -5.7573 21.983601 -5.7573
3 16 -7.7039 21.123899 -4.4567 -9.2079 20.083401 -4.1575 -10 18.960199 -3.9998
3 16 -12.2961 15.4366 -4.4568 -13.5169 13.395 -5.2723 -14.2427 10.6462 -5.7572
4 16 -5.7573 21.983601 -5.7573 -7.7039 21.123899 -4.4567 -7.7038 0 -4.4566 -5.7574 0 -5.7574
4 16 -7.7039 21.123899 -4.4567 -10 18.960199 -3.9998 -10 0 -4 -7.7038 0 -4.4566
4 16 -10 0 -4 -10 18.960199 -3.9998 -12.2961 15.4366 -4.4568 -12.2962 0 -4.4566
4 16 -12.2962 0 -4.4566 -12.2961 15.4366 -4.4568 -14.2427 10.6462 -5.7572 -14.2426 0 -5.7574
4 16 -14.9685 6.845 -6.8436 -15.2245 0 -7.2268 -14.2426 0 -5.7574 -14.2427 10.6462 -5.7572
4 16 -15.2245 0 -7.2268 -15.7063 0 -6.5059 -18.478001 0 -7.654 -15.6145 0 -11.9387
2 24 -8.5 20.573099 -4.2983 -8.5 0 -4.2983
2 24 -11.5 0 -4.2983 -11.5 16.6583 -4.2984
2 24 -11.5 16.5256 -4.7505 -11.5 17.5277 -1.5
2 24 -8.5 21.3442 -1.5 -8.5 20.84 -3.7979
2 24 -8.5 20.84 -3.7979 -8.5 20.573099 -4.2983
2 24 -8.5 0 -1.5 -8.5 21.3442 -1.5
2 24 -11.5 17.5277 -1.5 -11.5 0 -1.5
4 16 -11.5 0 -1.5 -11.5 17.5277 -1.5 -11.5 16.6583 -4.2984 -11.5 0 -4.2983
3 16 -8.5 20.84 -3.7979 -8.5 21.3442 -1.5 -8.5 20.573099 -4.2983
4 16 -8.5 20.573099 -4.2983 -8.5 21.3442 -1.5 -8.5 0 -1.5 -8.5 0 -4.2983
1 16 -10 0 -2.89915 0 0 1.5 0 1 0 -1.39915 0 0 rect2p.dat
4 16 -8.5 21.3442 -1.5 -7.5 22.644199 -1.5 -7.5 0 -1.5 -8.5 0 -1.5
4 16 -12.5 16.627701 -1.5 -11.5 17.5277 -1.5 -11.5 0 -1.5 -12.5 0 -1.5
2 24 -7.5 22.3016 -1.5 -8.5 21.3442 -1.5
2 24 -11.5 17.5277 -1.5 -12.5 16.0091 -1.5
1 16 -12 0 0 0 0 -0.5 0 1 0 1.5 0 0 rect3.dat
1 16 -8 0 0 0 0 0.5 0 1 0 -1.5 0 0 rect3.dat
4 16 -8.5 0 1.5 -11.5 0 1.5 -11.5 0 -1.5 -8.5 0 -1.5
1 16 -7.5 11.3221 0 0 -1 0 11.3221 0 0 0 0 1.5 rect2p.dat
1 16 -12.5 8.31385 0 0 1 0 -8.31385 0 0 0 0 1.5 rect2p.dat
2 24 -7.5 22.587999 0 -7.5 22.3016 1.5
2 24 -7.5 22.3016 -1.5 -7.5 22.587999 0
2 24 -12.5 16.0091 1.5 -12.5 16.5312 0
2 24 -12.5 16.0091 -1.5 -12.5 16.5312 0
1 16 0 24 0 -6 0 0 0 1 0 0 0 -6 4-4edge.dat
0 BFC INVERTNEXT
1 16 -10 0 -10 0 0 3.5 0 8 0 -3.5 0 0 4-4cyli.dat
1 16 -10 0 -10 0 0 3.5 0 1 0 -3.5 0 0 4-4edge.dat
1 16 -10 0 -10 0 0 4 0 1 0 -4 0 0 4-4edge.dat
1 16 -10 0 -10 0 0 0.5 0 1 0 -0.5 0 0 4-4ring7.dat
0 BFC INVERTNEXT
1 16 -10 8 -10 -2.47487 0 2.47487 0 5 0 -2.47487 0 -2.47487 4-4cyls.dat
1 16 -10 13 -10 -2.47487 0 2.47487 -5 1 0 -2.47487 0 -2.47487 4-4edge.dat
1 16 -10 13 -10 -2.47487 0 2.47487 -5 1 0 -2.47487 0 -2.47487 4-4disc.dat
1 16 0 28 0 2 0 0 0 -1 0 0 0 -2 4-4ring2.dat
1 16 0 24 0 2 0 0 0 1 0 0 0 -2 4-4ring2.dat
1 16 0 24 0 6 0 0 0 1 0 0 0 -6 4-4edge.dat
0 BFC INVERTNEXT
1 16 10 0 -10 0 0 -3.5 0 8 0 -3.5 0 0 4-4cyli.dat
1 16 10 0 -10 0 0 -3.5 0 1 0 -3.5 0 0 4-4edge.dat
1 16 10 0 -10 0 0 -4 0 1 0 -4 0 0 4-4edge.dat
1 16 10 0 -10 0 0 -0.5 0 1 0 -0.5 0 0 4-4ring7.dat
0 BFC INVERTNEXT
1 16 10 8 -10 2.47487 0 -2.47487 0 5 0 -2.47487 0 -2.47487 4-4cyls.dat
1 16 10 13 -10 2.47487 0 -2.47487 -5 1 0 -2.47487 0 -2.47487 4-4edge.dat
1 16 10 13 -10 2.47487 0 -2.47487 -5 1 0 -2.47487 0 -2.47487 4-4disc.dat
2 24 14.142 0 -14.142 7.654 0 -18.478001
2 24 -14.142 0 -14.142 -7.654 0 -18.478001
2 24 -7.654 0 -18.478001 0 0 -20
2 24 -7.2268 0 -15.2245 -6.5059 0 -15.7063
2 24 -6.5059 0 -15.7063 0 0 -17
4 16 -6.5059 0 -15.7063 -7.654 0 -18.478001 0 0 -20 0 0 -17
4 16 -6.3398 6.845 -15.3052 -6.5059 0 -15.7063 0 0 -17 0 6.845 -16.565901
4 16 -5.2723 13.395 -13.5169 -6.3398 6.845 -15.3052 0 6.845 -16.565901 0 13.395 -14.5653
4 16 -4.1575 20.083401 -9.2079 -5.2723 13.395 -13.5169 0 13.395 -14.5653 0 20.083401 -10.1608
4 16 -2.2962 24 -5.5434 -4.1575 20.083401 -9.2079 0 20.083401 -10.1608 0 24 -6
3 16 -6.8436 6.845 -14.9685 -6.3398 6.845 -15.3052 -5.2723 13.395 -13.5169
4 16 -6.5059 0 -15.7063 -6.3398 6.845 -15.3052 -6.8436 6.845 -14.9685 -7.2268 0 -15.2245
2 24 -5.7572 10.6462 -14.2427 -6.8436 6.845 -14.9685
2 24 -5.7572 10.6462 -14.2427 -5.2723 13.395 -13.5169
2 24 -6.8436 6.845 -14.9685 -7.2268 0 -15.2245
2 24 -5.2723 13.395 -13.5169 -4.4568 15.4366 -12.2961
2 24 -3.9998 18.960199 -10 -4.4568 15.4366 -12.2961
2 24 -4.1575 20.083401 -9.2079 -4.4567 21.123899 -7.7039
2 24 -3.9998 18.960199 -10 -4.1575 20.083401 -9.2079
2 24 -4.4567 21.123899 -7.7039 -5.7573 21.983601 -5.7573
3 16 -4.1575 20.083401 -9.2079 -4.4567 21.123899 -7.7039 -3.9998 18.960199 -10
3 16 -5.2723 13.395 -13.5169 -4.4568 15.4366 -12.2961 -5.7572 10.6462 -14.2427
4 16 -4.4566 0 -7.7038 -4.4567 21.123899 -7.7039 -5.7573 21.983601 -5.7573 -5.7574 0 -5.7574
4 16 -4 0 -10 -3.9998 18.960199 -10 -4.4567 21.123899 -7.7039 -4.4566 0 -7.7038
4 16 -4.4568 15.4366 -12.2961 -3.9998 18.960199 -10 -4 0 -10 -4.4566 0 -12.2962
4 16 -5.7572 10.6462 -14.2427 -4.4568 15.4366 -12.2961 -4.4566 0 -12.2962 -5.7574 0 -14.2426
4 16 -5.7574 0 -14.2426 -7.2268 0 -15.2245 -6.8436 6.845 -14.9685 -5.7572 10.6462 -14.2427
4 16 -7.654 0 -18.478001 -6.5059 0 -15.7063 -7.2268 0 -15.2245 -11.9387 0 -15.6145
2 24 -4.2983 20.573099 -8.5 -4.2983 0 -8.5
2 24 -4.2983 0 -11.5 -4.2984 16.6583 -11.5
2 24 -4.7505 16.5256 -11.5 -1.5 17.5277 -11.5
2 24 -1.5 21.3442 -8.5 -3.7979 20.84 -8.5
2 24 -3.7979 20.84 -8.5 -4.2983 20.573099 -8.5
2 24 -1.5 0 -8.5 -1.5 21.3442 -8.5
2 24 -1.5 17.5277 -11.5 -1.5 0 -11.5
4 16 -4.2984 16.6583 -11.5 -1.5 17.5277 -11.5 -1.5 0 -11.5 -4.2983 0 -11.5
3 16 -1.5 21.3442 -8.5 -3.7979 20.84 -8.5 -4.2983 20.573099 -8.5
4 16 -1.5 0 -8.5 -1.5 21.3442 -8.5 -4.2983 20.573099 -8.5 -4.2983 0 -8.5
1 16 -2.89915 0 -10 1.39915 0 0 0 1 0 0 0 1.5 rect2p.dat
4 16 -1.5 0 -7.5 -1.5 22.644199 -7.5 -1.5 21.3442 -8.5 -1.5 0 -8.5
4 16 -1.5 0 -11.5 -1.5 17.5277 -11.5 -1.5 16.627701 -12.5 -1.5 0 -12.5
2 24 -1.5 22.3016 -7.5 -1.5 21.3442 -8.5
2 24 -1.5 17.5277 -11.5 -1.5 16.0091 -12.5
2 24 7.654 0 -18.478001 0 0 -20
2 24 7.2268 0 -15.2245 6.5059 0 -15.7063
2 24 6.5059 0 -15.7063 0 0 -17
4 16 0 0 -20 7.654 0 -18.478001 6.5059 0 -15.7063 0 0 -17
4 16 0 0 -17 6.5059 0 -15.7063 6.3398 6.845 -15.3052 0 6.845 -16.565901
4 16 0 6.845 -16.565901 6.3398 6.845 -15.3052 5.2723 13.395 -13.5169 0 13.395 -14.5653
4 16 0 13.395 -14.5653 5.2723 13.395 -13.5169 4.1575 20.083401 -9.2079 0 20.083401 -10.1608
4 16 0 20.083401 -10.1608 4.1575 20.083401 -9.2079 2.2962 24 -5.5434 0 24 -6
3 16 6.3398 6.845 -15.3052 6.8436 6.845 -14.9685 5.2723 13.395 -13.5169
4 16 6.8436 6.845 -14.9685 6.3398 6.845 -15.3052 6.5059 0 -15.7063 7.2268 0 -15.2245
2 24 5.7572 10.6462 -14.2427 6.8436 6.845 -14.9685
2 24 5.7572 10.6462 -14.2427 5.2723 13.395 -13.5169
2 24 6.8436 6.845 -14.9685 7.2268 0 -15.2245
2 24 5.2723 13.395 -13.5169 4.4568 15.4366 -12.2961
2 24 3.9998 18.960199 -10 4.4568 15.4366 -12.2961
2 24 4.1575 20.083401 -9.2079 4.4567 21.123899 -7.7039
2 24 3.9998 18.960199 -10 4.1575 20.083401 -9.2079
2 24 4.4567 21.123899 -7.7039 5.7573 21.983601 -5.7573
3 16 4.4567 21.123899 -7.7039 4.1575 20.083401 -9.2079 3.9998 18.960199 -10
3 16 4.4568 15.4366 -12.2961 5.2723 13.395 -13.5169 5.7572 10.6462 -14.2427
4 16 5.7573 21.983601 -5.7573 4.4567 21.123899 -7.7039 4.4566 0 -7.7038 5.7574 0 -5.7574
4 16 4.4567 21.123899 -7.7039 3.9998 18.960199 -10 4 0 -10 4.4566 0 -7.7038
4 16 4 0 -10 3.9998 18.960199 -10 4.4568 15.4366 -12.2961 4.4566 0 -12.2962
4 16 4.4566 0 -12.2962 4.4568 15.4366 -12.2961 5.7572 10.6462 -14.2427 5.7574 0 -14.2426
4 16 6.8436 6.845 -14.9685 7.2268 0 -15.2245 5.7574 0 -14.2426 5.7572 10.6462 -14.2427
4 16 7.2268 0 -15.2245 6.5059 0 -15.7063 7.654 0 -18.478001 11.9387 0 -15.6145
2 24 4.2983 20.573099 -8.5 4.2983 0 -8.5
2 24 4.2983 0 -11.5 4.2984 16.6583 -11.5
2 24 4.7505 16.5256 -11.5 1.5 17.5277 -11.5
2 24 1.5 21.3442 -8.5 3.7979 20.84 -8.5
2 24 3.7979 20.84 -8.5 4.2983 20.573099 -8.5
2 24 1.5 0 -8.5 1.5 21.3442 -8.5
2 24 1.5 17.5277 -11.5 1.5 0 -11.5
4 16 1.5 0 -11.5 1.5 17.5277 -11.5 4.2984 16.6583 -11.5 4.2983 0 -11.5
3 16 3.7979 20.84 -8.5 1.5 21.3442 -8.5 4.2983 20.573099 -8.5
4 16 4.2983 20.573099 -8.5 1.5 21.3442 -8.5 1.5 0 -8.5 4.2983 0 -8.5
1 16 2.89915 0 -10 1.39915 0 0 0 1 0 0 0 1.5 rect2p.dat
4 16 1.5 21.3442 -8.5 1.5 22.644199 -7.5 1.5 0 -7.5 1.5 0 -8.5
4 16 1.5 16.627701 -12.5 1.5 17.5277 -11.5 1.5 0 -11.5 1.5 0 -12.5
2 24 1.5 22.3016 -7.5 1.5 21.3442 -8.5
2 24 1.5 17.5277 -11.5 1.5 16.0091 -12.5
1 16 0 0 -12 -1.5 0 0 0 1 0 0 0 -0.5 rect3.dat
1 16 0 0 -8 1.5 0 0 0 1 0 0 0 0.5 rect3.dat
4 16 -1.5 0 -8.5 -1.5 0 -11.5 1.5 0 -11.5 1.5 0 -8.5
1 16 0 11.3221 -7.5 0 0 -1.5 11.3221 0 0 0 -1 0 rect2p.dat
1 16 0 8.31385 -12.5 0 0 -1.5 -8.31385 0 0 0 1 0 rect2p.dat
2 24 0 22.587999 -7.5 -1.5 22.3016 -7.5
2 24 1.5 22.3016 -7.5 0 22.587999 -7.5
2 24 -1.5 16.0091 -12.5 0 16.5312 -12.5
2 24 1.5 16.0091 -12.5 0 16.5312 -12.5
2 24 14.142 0 14.142 18.478001 0 7.654
2 24 14.142 0 -14.142 18.478001 0 -7.654
2 24 18.478001 0 -7.654 20 0 0
2 24 15.2245 0 -7.2268 15.7063 0 -6.5059
2 24 15.7063 0 -6.5059 17 0 0
4 16 15.7063 0 -6.5059 18.478001 0 -7.654 20 0 0 17 0 0
4 16 15.3052 6.845 -6.3398 15.7063 0 -6.5059 17 0 0 16.565901 6.845 0
4 16 13.5169 13.395 -5.2723 15.3052 6.845 -6.3398 16.565901 6.845 0 14.5653 13.395 0
4 16 9.2079 20.083401 -4.1575 13.5169 13.395 -5.2723 14.5653 13.395 0 10.1608 20.083401 0
4 16 5.5434 24 -2.2962 9.2079 20.083401 -4.1575 10.1608 20.083401 0 6 24 0
3 16 14.9685 6.845 -6.8436 15.3052 6.845 -6.3398 13.5169 13.395 -5.2723
4 16 15.7063 0 -6.5059 15.3052 6.845 -6.3398 14.9685 6.845 -6.8436 15.2245 0 -7.2268
2 24 14.2427 10.6462 -5.7572 14.9685 6.845 -6.8436
2 24 14.2427 10.6462 -5.7572 13.5169 13.395 -5.2723
2 24 14.9685 6.845 -6.8436 15.2245 0 -7.2268
2 24 13.5169 13.395 -5.2723 12.2961 15.4366 -4.4568
2 24 10 18.960199 -3.9998 12.2961 15.4366 -4.4568
2 24 9.2079 20.083401 -4.1575 7.7039 21.123899 -4.4567
2 24 10 18.960199 -3.9998 9.2079 20.083401 -4.1575
2 24 7.7039 21.123899 -4.4567 5.7573 21.983601 -5.7573
3 16 9.2079 20.083401 -4.1575 7.7039 21.123899 -4.4567 10 18.960199 -3.9998
3 16 13.5169 13.395 -5.2723 12.2961 15.4366 -4.4568 14.2427 10.6462 -5.7572
4 16 7.7038 0 -4.4566 7.7039 21.123899 -4.4567 5.7573 21.983601 -5.7573 5.7574 0 -5.7574
4 16 10 0 -4 10 18.960199 -3.9998 7.7039 21.123899 -4.4567 7.7038 0 -4.4566
4 16 12.2961 15.4366 -4.4568 10 18.960199 -3.9998 10 0 -4 12.2962 0 -4.4566
4 16 14.2427 10.6462 -5.7572 12.2961 15.4366 -4.4568 12.2962 0 -4.4566 14.2426 0 -5.7574
4 16 14.2426 0 -5.7574 15.2245 0 -7.2268 14.9685 6.845 -6.8436 14.2427 10.6462 -5.7572
4 16 18.478001 0 -7.654 15.7063 0 -6.5059 15.2245 0 -7.2268 15.6145 0 -11.9387
2 24 8.5 20.573099 -4.2983 8.5 0 -4.2983
2 24 11.5 0 -4.2983 11.5 16.6583 -4.2984
2 24 11.5 16.5256 -4.7505 11.5 17.5277 -1.5
2 24 8.5 21.3442 -1.5 8.5 20.84 -3.7979
2 24 8.5 20.84 -3.7979 8.5 20.573099 -4.2983
2 24 8.5 0 -1.5 8.5 21.3442 -1.5
2 24 11.5 17.5277 -1.5 11.5 0 -1.5
4 16 11.5 16.6583 -4.2984 11.5 17.5277 -1.5 11.5 0 -1.5 11.5 0 -4.2983
3 16 8.5 21.3442 -1.5 8.5 20.84 -3.7979 8.5 20.573099 -4.2983
4 16 8.5 0 -1.5 8.5 21.3442 -1.5 8.5 20.573099 -4.2983 8.5 0 -4.2983
1 16 10 0 -2.89915 0 0 -1.5 0 1 0 1.39915 0 0 rect2p.dat
4 16 7.5 0 -1.5 7.5 22.644199 -1.5 8.5 21.3442 -1.5 8.5 0 -1.5
4 16 11.5 0 -1.5 11.5 17.5277 -1.5 12.5 16.627701 -1.5 12.5 0 -1.5
2 24 7.5 22.3016 -1.5 8.5 21.3442 -1.5
2 24 11.5 17.5277 -1.5 12.5 16.0091 -1.5
2 24 18.478001 0 7.654 20 0 0
2 24 15.2245 0 7.2268 15.7063 0 6.5059
2 24 15.7063 0 6.5059 17 0 0
4 16 9.2079 20.083401 4.1575 5.7573 21.983601 5.7573 4.2426 24 4.2426 5.5434 24 2.2962
4 16 20 0 0 18.478001 0 7.654 15.7063 0 6.5059 17 0 0
4 16 17 0 0 15.7063 0 6.5059 15.3052 6.845 6.3398 16.565901 6.845 0
4 16 16.565901 6.845 0 15.3052 6.845 6.3398 13.5169 13.395 5.2723 14.5653 13.395 0
4 16 14.5653 13.395 0 13.5169 13.395 5.2723 9.2079 20.083401 4.1575 10.1608 20.083401 0
4 16 10.1608 20.083401 0 9.2079 20.083401 4.1575 5.5434 24 2.2962 6 24 0
3 16 15.3052 6.845 6.3398 14.9685 6.845 6.8436 13.5169 13.395 5.2723
4 16 14.9685 6.845 6.8436 15.3052 6.845 6.3398 15.7063 0 6.5059 15.2245 0 7.2268
2 24 14.2427 10.6462 5.7572 14.9685 6.845 6.8436
2 24 14.2427 10.6462 5.7572 13.5169 13.395 5.2723
2 24 14.9685 6.845 6.8436 15.2245 0 7.2268
2 24 13.5169 13.395 5.2723 12.2961 15.4366 4.4568
2 24 10 18.960199 3.9998 12.2961 15.4366 4.4568
2 24 9.2079 20.083401 4.1575 7.7039 21.123899 4.4567
2 24 10 18.960199 3.9998 9.2079 20.083401 4.1575
2 24 7.7039 21.123899 4.4567 5.7573 21.983601 5.7573
3 16 7.7039 21.123899 4.4567 9.2079 20.083401 4.1575 10 18.960199 3.9998
3 16 12.2961 15.4366 4.4568 13.5169 13.395 5.2723 14.2427 10.6462 5.7572
4 16 5.7573 21.983601 5.7573 7.7039 21.123899 4.4567 7.7038 0 4.4566 5.7574 0 5.7574
4 16 7.7039 21.123899 4.4567 10 18.960199 3.9998 10 0 4 7.7038 0 4.4566
4 16 10 0 4 10 18.960199 3.9998 12.2961 15.4366 4.4568 12.2962 0 4.4566
4 16 12.2962 0 4.4566 12.2961 15.4366 4.4568 14.2427 10.6462 5.7572 14.2426 0 5.7574
4 16 14.9685 6.845 6.8436 15.2245 0 7.2268 14.2426 0 5.7574 14.2427 10.6462 5.7572
4 16 15.2245 0 7.2268 15.7063 0 6.5059 18.478001 0 7.654 15.6145 0 11.9387
2 24 8.5 20.573099 4.2983 8.5 0 4.2983
2 24 11.5 0 4.2983 11.5 16.6583 4.2984
2 24 11.5 16.5256 4.7505 11.5 17.5277 1.5
2 24 8.5 21.3442 1.5 8.5 20.84 3.7979
2 24 8.5 20.84 3.7979 8.5 20.573099 4.2983
2 24 8.5 0 1.5 8.5 21.3442 1.5
2 24 11.5 17.5277 1.5 11.5 0 1.5
4 16 11.5 0 1.5 11.5 17.5277 1.5 11.5 16.6583 4.2984 11.5 0 4.2983
3 16 8.5 20.84 3.7979 8.5 21.3442 1.5 8.5 20.573099 4.2983
4 16 8.5 20.573099 4.2983 8.5 21.3442 1.5 8.5 0 1.5 8.5 0 4.2983
1 16 10 0 2.89915 0 0 -1.5 0 1 0 1.39915 0 0 rect2p.dat
4 16 8.5 21.3442 1.5 7.5 22.644199 1.5 7.5 0 1.5 8.5 0 1.5
4 16 12.5 16.627701 1.5 11.5 17.5277 1.5 11.5 0 1.5 12.5 0 1.5
2 24 7.5 22.3016 1.5 8.5 21.3442 1.5
2 24 11.5 17.5277 1.5 12.5 16.0091 1.5
1 16 12 0 0 0 0 0.5 0 1 0 -1.5 0 0 rect3.dat
1 16 8 0 0 0 0 -0.5 0 1 0 1.5 0 0 rect3.dat
4 16 8.5 0 -1.5 11.5 0 -1.5 11.5 0 1.5 8.5 0 1.5
1 16 7.5 11.3221 0 0 1 0 11.3221 0 0 0 0 -1.5 rect2p.dat
1 16 12.5 8.31385 0 0 -1 0 -8.31385 0 0 0 0 -1.5 rect2p.dat
2 24 7.5 22.587999 0 7.5 22.3016 -1.5
2 24 7.5 22.3016 1.5 7.5 22.587999 0
2 24 12.5 16.0091 -1.5 12.5 16.5312 0
2 24 12.5 16.0091 1.5 12.5 16.5312 0
2 24 15.2245 0 7.2268 15.5434 0 7.7038
2 24 15.5434 0 7.7038 16 0 10
2 24 16 0 10 15.6145 0 11.9387
2 24 10 0 4 11.5 0 4.2983
2 24 10 0 4 8.5 0 4.2983
2 24 15.2245 0 -7.2268 15.5434 0 -7.7038
2 24 15.5434 0 -7.7038 16 0 -10
2 24 16 0 -10 15.6145 0 -11.9387
2 24 10 0 -4 11.5 0 -4.2983
2 24 10 0 -4 8.5 0 -4.2983
2 24 7.2268 0 -15.2245 7.7038 0 -15.5434
2 24 7.7038 0 -15.5434 10 0 -16
2 24 10 0 -16 11.9387 0 -15.6145
2 24 4 0 -10 4.2983 0 -11.5
2 24 4 0 -10 4.2983 0 -8.5
2 24 -7.2268 0 -15.2245 -7.7038 0 -15.5434
2 24 -7.7038 0 -15.5434 -10 0 -16
2 24 -10 0 -16 -11.9387 0 -15.6145
2 24 -4 0 -10 -4.2983 0 -11.5
2 24 -4 0 -10 -4.2983 0 -8.5
2 24 -15.2245 0 -7.2268 -15.5434 0 -7.7038
2 24 -15.5434 0 -7.7038 -16 0 -10
2 24 -16 0 -10 -15.6145 0 -11.9387
2 24 -10 0 -4 -11.5 0 -4.2983
2 24 -10 0 -4 -8.5 0 -4.2983
2 24 -15.2245 0 7.2268 -15.5434 0 7.7038
2 24 -15.5434 0 7.7038 -16 0 10
2 24 -16 0 10 -15.6145 0 11.9387
2 24 -10 0 4 -11.5 0 4.2983
2 24 -10 0 4 -8.5 0 4.2983
2 24 -7.2268 0 15.2245 -7.7038 0 15.5434
2 24 -7.7038 0 15.5434 -10 0 16
2 24 -10 0 16 -11.9387 0 15.6145
2 24 -4 0 10 -4.2983 0 11.5
2 24 -4 0 10 -4.2983 0 8.5
2 24 7.2268 0 15.2245 7.7038 0 15.5434
2 24 7.7038 0 15.5434 10 0 16
2 24 10 0 16 11.9387 0 15.6145
2 24 4 0 10 4.2983 0 11.5
2 24 4 0 10 4.2983 0 8.5
4 16 -9.2079 20.083401 -4.1575 -5.7573 21.983601 -5.7573 -4.2426 24 -4.2426 -5.5434 24 -2.2962
4 16 -4.2426 24 -4.2426 -5.7573 21.983601 -5.7573 -4.1575 20.083401 -9.2079 -2.2962 24 -5.5434
4 16 4.1575 20.083401 -9.2079 5.7573 21.983601 -5.7573 4.2426 24 -4.2426 2.2962 24 -5.5434
4 16 4.2426 24 -4.2426 5.7573 21.983601 -5.7573 9.2079 20.083401 -4.1575 5.5434 24 -2.2962
5 24 4.2426 24 4.2426 5.7573 21.983601 5.7573 4.1575 20.083401 9.2079 9.2079 20.083401 4.1575
5 24 4.1575 20.083401 9.2079 2.2962 24 5.5434 4.2426 24 4.2426 0 20.083401 10.1608
5 24 6.3398 6.845 15.3052 6.5059 0 15.7063 0 0 17 6.8436 6.845 14.9685
5 24 0 0 17 0 6.845 16.565901 6.3398 6.845 15.3052 -6.5059 0 15.7063
5 24 0 6.845 16.565901 6.3398 6.845 15.3052 6.5059 0 15.7063 5.2723 13.395 13.5169
5 24 5.2723 13.395 13.5169 6.3398 6.845 15.3052 0 6.845 16.565901 6.8436 6.845 14.9685
5 24 0 6.845 16.565901 0 13.395 14.5653 5.2723 13.395 13.5169 -6.3398 6.845 15.3052
5 24 0 13.395 14.5653 5.2723 13.395 13.5169 6.3398 6.845 15.3052 4.1575 20.083401 9.2079
5 24 0 13.395 14.5653 0 20.083401 10.1608 4.1575 20.083401 9.2079 -5.2723 13.395 13.5169
5 24 0 20.083401 10.1608 4.1575 20.083401 9.2079 5.2723 13.395 13.5169 2.2962 24 5.5434
5 24 0 20.083401 10.1608 0 24 6 2.2962 24 5.5434 -4.1575 20.083401 9.2079
5 24 6.8436 6.845 14.9685 6.3398 6.845 15.3052 5.2723 13.395 13.5169 6.5059 0 15.7063
5 24 4.4566 0 7.7038 4.4567 21.123899 7.7039 5.7573 21.983601 5.7573 4 0 10
5 24 5.7573 21.983601 5.7573 5.7574 0 5.7574 4.4566 0 7.7038 7.7039 21.123899 4.4567
5 24 4 0 10 3.9998 18.960199 10 4.4567 21.123899 7.7039 4.4568 15.4366 12.2961
5 24 4.4566 0 12.2962 4.4568 15.4366 12.2961 3.9998 18.960199 10 5.7572 10.6462 14.2427
5 24 5.7574 0 14.2426 5.7572 10.6462 14.2427 4.4568 15.4366 12.2961 7.2268 0 15.2245
5 24 -5.7573 21.983601 5.7573 -4.2426 24 4.2426 -4.1575 20.083401 9.2079 -9.2079 20.083401 4.1575
5 24 -2.2962 24 5.5434 -4.1575 20.083401 9.2079 -5.7573 21.983601 5.7573 0 20.083401 10.1608
5 24 -6.5059 0 15.7063 -6.3398 6.845 15.3052 0 0 17 -6.8436 6.845 14.9685
5 24 -6.3398 6.845 15.3052 0 6.845 16.565901 0 0 17 -5.2723 13.395 13.5169
5 24 -6.3398 6.845 15.3052 -5.2723 13.395 13.5169 0 6.845 16.565901 -6.8436 6.845 14.9685
5 24 -5.2723 13.395 13.5169 0 13.395 14.5653 0 6.845 16.565901 -4.1575 20.083401 9.2079
5 24 -4.1575 20.083401 9.2079 0 20.083401 10.1608 0 13.395 14.5653 -2.2962 24 5.5434
5 24 -6.3398 6.845 15.3052 -6.8436 6.845 14.9685 -5.2723 13.395 13.5169 -6.5059 0 15.7063
5 24 -4.4567 21.123899 7.7039 -4.4566 0 7.7038 -5.7573 21.983601 5.7573 -3.9998 18.960199 10
5 24 -5.7574 0 5.7574 -5.7573 21.983601 5.7573 -4.4567 21.123899 7.7039 -7.7038 0 4.4566
5 24 -3.9998 18.960199 10 -4 0 10 -4.4567 21.123899 7.7039 -4.4568 15.4366 12.2961
5 24 -4.4568 15.4366 12.2961 -4.4566 0 12.2962 -4 0 10 -5.7572 10.6462 14.2427
5 24 -5.7572 10.6462 14.2427 -5.7574 0 14.2426 -4.4566 0 12.2962 -6.8436 6.845 14.9685
5 24 -9.2079 20.083401 4.1575 -5.5434 24 2.2962 -4.2426 24 4.2426 -10.1608 20.083401 0
5 24 -15.3052 6.845 6.3398 -15.7063 0 6.5059 -17 0 0 -14.9685 6.845 6.8436
5 24 -17 0 0 -16.565901 6.845 0 -15.3052 6.845 6.3398 -15.7063 0 -6.5059
5 24 -16.565901 6.845 0 -15.3052 6.845 6.3398 -15.7063 0 6.5059 -13.5169 13.395 5.2723
5 24 -13.5169 13.395 5.2723 -15.3052 6.845 6.3398 -16.565901 6.845 0 -14.9685 6.845 6.8436
5 24 -16.565901 6.845 0 -14.5653 13.395 0 -13.5169 13.395 5.2723 -15.3052 6.845 -6.3398
5 24 -14.5653 13.395 0 -13.5169 13.395 5.2723 -15.3052 6.845 6.3398 -9.2079 20.083401 4.1575
5 24 -14.5653 13.395 0 -10.1608 20.083401 0 -9.2079 20.083401 4.1575 -13.5169 13.395 -5.2723
5 24 -10.1608 20.083401 0 -9.2079 20.083401 4.1575 -13.5169 13.395 5.2723 -5.5434 24 2.2962
5 24 -10.1608 20.083401 0 -6 24 0 -5.5434 24 2.2962 -9.2079 20.083401 -4.1575
5 24 -14.9685 6.845 6.8436 -15.3052 6.845 6.3398 -13.5169 13.395 5.2723 -15.7063 0 6.5059
5 24 -7.7038 0 4.4566 -7.7039 21.123899 4.4567 -5.7573 21.983601 5.7573 -10 0 4
5 24 -10 0 4 -10 18.960199 3.9998 -7.7039 21.123899 4.4567 -12.2961 15.4366 4.4568
5 24 -12.2962 0 4.4566 -12.2961 15.4366 4.4568 -10 18.960199 3.9998 -14.2427 10.6462 5.7572
5 24 -14.2426 0 5.7574 -14.2427 10.6462 5.7572 -12.2961 15.4366 4.4568 -15.2245 0 7.2268
5 24 -15.7063 0 -6.5059 -15.3052 6.845 -6.3398 -17 0 0 -14.9685 6.845 -6.8436
5 24 -15.3052 6.845 -6.3398 -16.565901 6.845 0 -17 0 0 -13.5169 13.395 -5.2723
5 24 -15.3052 6.845 -6.3398 -13.5169 13.395 -5.2723 -16.565901 6.845 0 -14.9685 6.845 -6.8436
5 24 -13.5169 13.395 -5.2723 -14.5653 13.395 0 -16.565901 6.845 0 -9.2079 20.083401 -4.1575
5 24 -9.2079 20.083401 -4.1575 -10.1608 20.083401 0 -14.5653 13.395 0 -5.5434 24 -2.2962
5 24 -9.2079 20.083401 -4.1575 -5.5434 24 -2.2962 -10.1608 20.083401 0 -5.7573 21.983601 -5.7573
5 24 -15.3052 6.845 -6.3398 -14.9685 6.845 -6.8436 -13.5169 13.395 -5.2723 -15.7063 0 -6.5059
5 24 -7.7039 21.123899 -4.4567 -7.7038 0 -4.4566 -5.7573 21.983601 -5.7573 -10 18.960199 -3.9998
5 24 -5.7574 0 -5.7574 -5.7573 21.983601 -5.7573 -7.7039 21.123899 -4.4567 -4.4566 0 -7.7038
5 24 -10 18.960199 -3.9998 -10 0 -4 -7.7039 21.123899 -4.4567 -12.2961 15.4366 -4.4568
5 24 -12.2961 15.4366 -4.4568 -12.2962 0 -4.4566 -10 0 -4 -14.2427 10.6462 -5.7572
5 24 -14.2427 10.6462 -5.7572 -14.2426 0 -5.7574 -12.2962 0 -4.4566 -14.9685 6.845 -6.8436
5 24 -6.3398 6.845 -15.3052 -6.5059 0 -15.7063 0 0 -17 -6.8436 6.845 -14.9685
5 24 0 0 -17 0 6.845 -16.565901 -6.3398 6.845 -15.3052 6.5059 0 -15.7063
5 24 0 6.845 -16.565901 -6.3398 6.845 -15.3052 -6.5059 0 -15.7063 -5.2723 13.395 -13.5169
5 24 -5.2723 13.395 -13.5169 -6.3398 6.845 -15.3052 0 6.845 -16.565901 -6.8436 6.845 -14.9685
5 24 0 6.845 -16.565901 0 13.395 -14.5653 -5.2723 13.395 -13.5169 6.3398 6.845 -15.3052
5 24 0 13.395 -14.5653 -5.2723 13.395 -13.5169 -6.3398 6.845 -15.3052 -4.1575 20.083401 -9.2079
5 24 0 13.395 -14.5653 0 20.083401 -10.1608 -4.1575 20.083401 -9.2079 5.2723 13.395 -13.5169
5 24 0 20.083401 -10.1608 -4.1575 20.083401 -9.2079 -5.2723 13.395 -13.5169 -2.2962 24 -5.5434
5 24 -2.2962 24 -5.5434 -4.1575 20.083401 -9.2079 0 20.083401 -10.1608 -4.2426 24 -4.2426
5 24 0 20.083401 -10.1608 0 24 -6 -2.2962 24 -5.5434 4.1575 20.083401 -9.2079
5 24 -6.8436 6.845 -14.9685 -6.3398 6.845 -15.3052 -5.2723 13.395 -13.5169 -6.5059 0 -15.7063
5 24 -4.4566 0 -7.7038 -4.4567 21.123899 -7.7039 -5.7573 21.983601 -5.7573 -4 0 -10
5 24 -4 0 -10 -3.9998 18.960199 -10 -4.4567 21.123899 -7.7039 -4.4568 15.4366 -12.2961
5 24 -4.4566 0 -12.2962 -4.4568 15.4366 -12.2961 -3.9998 18.960199 -10 -5.7572 10.6462 -14.2427
5 24 -5.7574 0 -14.2426 -5.7572 10.6462 -14.2427 -4.4568 15.4366 -12.2961 -7.2268 0 -15.2245
5 24 6.5059 0 -15.7063 6.3398 6.845 -15.3052 0 0 -17 6.8436 6.845 -14.9685
5 24 6.3398 6.845 -15.3052 0 6.845 -16.565901 0 0 -17 5.2723 13.395 -13.5169
5 24 6.3398 6.845 -15.3052 5.2723 13.395 -13.5169 0 6.845 -16.565901 6.8436 6.845 -14.9685
5 24 5.2723 13.395 -13.5169 0 13.395 -14.5653 0 6.845 -16.565901 4.1575 20.083401 -9.2079
5 24 4.1575 20.083401 -9.2079 0 20.083401 -10.1608 0 13.395 -14.5653 2.2962 24 -5.5434
5 24 4.1575 20.083401 -9.2079 2.2962 24 -5.5434 0 20.083401 -10.1608 5.7573 21.983601 -5.7573
5 24 6.3398 6.845 -15.3052 6.8436 6.845 -14.9685 5.2723 13.395 -13.5169 6.5059 0 -15.7063
5 24 4.4567 21.123899 -7.7039 4.4566 0 -7.7038 5.7573 21.983601 -5.7573 3.9998 18.960199 -10
5 24 5.7574 0 -5.7574 5.7573 21.983601 -5.7573 4.4567 21.123899 -7.7039 7.7038 0 -4.4566
5 24 3.9998 18.960199 -10 4 0 -10 4.4567 21.123899 -7.7039 4.4568 15.4366 -12.2961
5 24 4.4568 15.4366 -12.2961 4.4566 0 -12.2962 4 0 -10 5.7572 10.6462 -14.2427
5 24 5.7572 10.6462 -14.2427 5.7574 0 -14.2426 4.4566 0 -12.2962 6.8436 6.845 -14.9685
5 24 15.3052 6.845 -6.3398 15.7063 0 -6.5059 17 0 0 14.9685 6.845 -6.8436
5 24 17 0 0 16.565901 6.845 0 15.3052 6.845 -6.3398 15.7063 0 6.5059
5 24 16.565901 6.845 0 15.3052 6.845 -6.3398 15.7063 0 -6.5059 13.5169 13.395 -5.2723
5 24 13.5169 13.395 -5.2723 15.3052 6.845 -6.3398 16.565901 6.845 0 14.9685 6.845 -6.8436
5 24 16.565901 6.845 0 14.5653 13.395 0 13.5169 13.395 -5.2723 15.3052 6.845 6.3398
5 24 14.5653 13.395 0 13.5169 13.395 -5.2723 15.3052 6.845 -6.3398 9.2079 20.083401 -4.1575
5 24 14.5653 13.395 0 10.1608 20.083401 0 9.2079 20.083401 -4.1575 13.5169 13.395 5.2723
5 24 10.1608 20.083401 0 9.2079 20.083401 -4.1575 13.5169 13.395 -5.2723 5.5434 24 -2.2962
5 24 5.5434 24 -2.2962 9.2079 20.083401 -4.1575 10.1608 20.083401 0 4.2426 24 -4.2426
5 24 10.1608 20.083401 0 6 24 0 5.5434 24 -2.2962 9.2079 20.083401 4.1575
5 24 14.9685 6.845 -6.8436 15.3052 6.845 -6.3398 13.5169 13.395 -5.2723 15.7063 0 -6.5059
5 24 7.7038 0 -4.4566 7.7039 21.123899 -4.4567 5.7573 21.983601 -5.7573 10 0 -4
5 24 10 0 -4 10 18.960199 -3.9998 7.7039 21.123899 -4.4567 12.2961 15.4366 -4.4568
5 24 12.2962 0 -4.4566 12.2961 15.4366 -4.4568 10 18.960199 -3.9998 14.2427 10.6462 -5.7572
5 24 14.2426 0 -5.7574 14.2427 10.6462 -5.7572 12.2961 15.4366 -4.4568 15.2245 0 -7.2268
5 24 5.5434 24 2.2962 9.2079 20.083401 4.1575 5.7573 21.983601 5.7573 10.1608 20.083401 0
5 24 15.7063 0 6.5059 15.3052 6.845 6.3398 17 0 0 14.9685 6.845 6.8436
5 24 15.3052 6.845 6.3398 16.565901 6.845 0 17 0 0 13.5169 13.395 5.2723
5 24 15.3052 6.845 6.3398 13.5169 13.395 5.2723 16.565901 6.845 0 14.9685 6.845 6.8436
5 24 13.5169 13.395 5.2723 14.5653 13.395 0 16.565901 6.845 0 9.2079 20.083401 4.1575
5 24 9.2079 20.083401 4.1575 10.1608 20.083401 0 14.5653 13.395 0 5.5434 24 2.2962
5 24 15.3052 6.845 6.3398 14.9685 6.845 6.8436 13.5169 13.395 5.2723 15.7063 0 6.5059
5 24 7.7039 21.123899 4.4567 7.7038 0 4.4566 5.7573 21.983601 5.7573 10 18.960199 3.9998
5 24 10 18.960199 3.9998 10 0 4 7.7039 21.123899 4.4567 12.2961 15.4366 4.4568
5 24 12.2961 15.4366 4.4568 12.2962 0 4.4566 10 0 4 14.2427 10.6462 5.7572
5 24 14.2427 10.6462 5.7572 14.2426 0 5.7574 12.2962 0 4.4566 14.9685 6.845 6.8436
5 24 -5.7573 21.983601 -5.7573 -4.2426 24 -4.2426 -9.2079 20.083401 -4.1575 -4.1575 20.083401 -9.2079
5 24 5.7573 21.983601 -5.7573 4.2426 24 -4.2426 4.1575 20.083401 -9.2079 9.2079 20.083401 -4.1575
1 16 0 0 0 1 0 0 0 1 0 -0 0 1 s\24947s01.dat