0 Minifig Mechanical Arm
0 Name: 30377.dat
0 Author: Nathan Wright
0 !LDRAW_ORG Part UPDATE 2010-03
0 !LICENSE Redistributable under CCAL version 2.0 : see CAreadme.txt
0 BFC CERTIFY CCW
0 !KEYWORDS Star Wars, battle droid, Episode 1, The Phantom Menace, Episode 2
0 !KEYWORDS Attack of the Clones, Trade Federation
0 !KEYWORDS Space, Life on Mars, Martian, minifig-scale, clip, clip-on
0 !HISTORY 2002-11-30 [PTadmin] Official Update 2002-05
0 !HISTORY 2007-06-09 [PTadmin] Header formatted for Contributor Agreement
0 !HISTORY 2008-07-01 [PTadmin] Official Update 2008-01
0 !HISTORY 2009-03-29 [tchang] Add BFC, partialy rebuild
0 !HISTORY 2009-08-08 [anathema] Fixed broken dependency
0 !HISTORY 2010-12-31 [PTadmin] Official Update 2010-03
0 !HISTORY 2019-05-14 [BLStudio] Mesh modification 2019-05
1 16 3 21 0 0 -6 0 0 0 -4.5 4.5 0 0 4-4cylc.dat
1 16 -3 21 0 0 1 0 0 0 -4.5 4.5 0 0 4-4disc.dat
0 //
1 16 4 0 0 0 -1 0 -1.53073 0 3.69552 -3.69552 0 -1.53073 5-8edge.DAT
1 16 4 0 0 0 -1 0 -4.6669 0 4.6669 -4.6669 0 -4.6669 3-4edge.dat
1 16 4 0 0 0 -6 0 0.765367 0 1.84776 -1.84776 0 0.765367 2-4ring2.dat
1 16 4 0 0 0 -6 0 -0.765367 0 1.84776 -1.84776 0 -0.765367 1-8ring2.dat
1 16 4 0 0 0 -6 0 -0.424264 0 0.424264 -0.424264 0 -0.424264 3-4rin10.dat
4 16 4 -5 3.8 4 -4.2426 4.2426 4 -4.6669 4.6669 4 -5 4.2
4 16 4 -5 3.8 4 -4.7 3.5 4 -1.8 3.5 4 -4.2426 4.2426
4 16 4 -2.2961 5.5434 4 -4.2426 4.2426 4 -1.8 3.5 4 -1.5307 3.6955
4 16 4 -5 -4.2 4 -4.6669 -4.6669 4 -4.2426 -4.2426 4 -5 -3.8
4 16 4 -4.2426 -4.2426 4 -1.8 -3.5 4 -4.7 -3.5 4 -5 -3.8
4 16 4 -1.5307 -3.6955 4 -1.8 -3.5 4 -4.2426 -4.2426 4 -2.2961 -5.5434
0 //
1 16 -4 0 0 0 -1 0 -1.53073 0 3.69552 -3.69552 0 -1.53073 5-8edge.DAT
1 16 -4 0 0 0 -1 0 -4.6669 0 4.6669 -4.6669 0 -4.6669 3-4edge.dat
1 16 -4 0 0 0 6 0 0.765367 0 1.84776 1.84776 0 -0.765367 2-4ring2.dat
1 16 -4 0 0 0 6 0 -0.765367 0 1.84776 1.84776 0 0.765367 1-8ring2.dat
1 16 -4 0 0 0 6 0 -0.424264 0 0.424264 0.424264 0 0.424264 3-4rin10.dat
4 16 -4 -5 -3.8 -4 -4.2426 -4.2426 -4 -4.6669 -4.6669 -4 -5 -4.2
4 16 -4 -5 -3.8 -4 -4.7 -3.5 -4 -1.8 -3.5 -4 -4.2426 -4.2426
4 16 -4 -2.2961 -5.5434 -4 -4.2426 -4.2426 -4 -1.8 -3.5 -4 -1.5307 -3.6955
4 16 -4 -5 4.2 -4 -4.6669 4.6669 -4 -4.2426 4.2426 -4 -5 3.8
4 16 -4 -4.2426 4.2426 -4 -1.8 3.5 -4 -4.7 3.5 -4 -5 3.8
4 16 -4 -1.5307 3.6955 -4 -1.8 3.5 -4 -4.2426 4.2426 -4 -2.2961 5.5434
0 //
0 BFC INVERTNEXT
1 16 4 0 0 0 -8 0 -1.53073 0 3.69552 -3.69552 0 -1.53073 5-8cyli.DAT
1 16 4 0 0 0 -8 0 4.6669 0 4.6669 -4.6669 0 4.6669 1-4cyli.dat
4 16 -4 -2.5257 -6.0978 4 -2.5257 -6.0978 4 -4.6669 -4.6669 -4 -4.6669 -4.6669
4 16 -4 0 -6.5999 4 0 -6.5999 4 -2.5257 -6.0978 -4 -2.5257 -6.0978
4 16 -4 2.5257 -6.0978 4 2.5257 -6.0978 4 0 -6.5999 -4 0 -6.5999
4 16 -4 4.6669 -4.6669 4 4.6669 -4.6669 4 2.5257 -6.0978 -4 2.5257 -6.0978
4 16 -4 2.5257 6.0978 4 2.5257 6.0978 4 4.6669 4.6669 -4 4.6669 4.6669
4 16 -4 0 6.5999 4 0 6.5999 4 2.5257 6.0978 -4 2.5257 6.0978
4 16 -4 -2.5257 6.0978 4 -2.5257 6.0978 4 0 6.5999 -4 0 6.5999
4 16 -4 -4.6669 4.6669 4 -4.6669 4.6669 4 -2.5257 6.0978 -4 -2.5257 6.0978
5 24 4 2.5257 6.0978 -4 2.5257 6.0978 4 0 6.5999 3 11.5 3.5
5 24 -4 2.5257 -6.0978 4 2.5257 -6.0978 -4 0 -6.5999 -3 11.5 -3.5
5 24 -4 -4.6669 -4.6669 4 -4.6669 -4.6669 -4 -6.5999 -2.7339 -4 -2.5257 -6.0978
5 24 -4 -2.5257 -6.0978 4 -2.5257 -6.0978 -4 -4.6669 -4.6669 -4 0 -6.5999
5 24 -4 0 -6.5999 4 0 -6.5999 -4 -2.5257 -6.0978 -4 2.5257 -6.0978
5 24 -4 0 6.5999 4 0 6.5999 -4 2.5257 6.0978 -4 -2.5257 6.0978
5 24 -4 -2.5257 6.0978 4 -2.5257 6.0978 -4 0 6.5999 -4 -4.6669 4.6669
5 24 -4 -4.6669 4.6669 4 -4.6669 4.6669 -4 -2.5257 6.0978 -4 -6.5999 2.7339
0 //
1 16 0 -1.66535 3.59775 0 0 -4 -0.13465 -0.587475 0 -0.09775 0.999996 0 rect.dat
1 16 0 -3.25 3.5 4 0 0 0 0 -1.45 0 1 0 rect3.dat
1 16 0 -4.85 3.65 4 0 0 0 0.707107 -0.15 0 0.999996 0.15 rect3.dat
1 16 0 -5 4 0 0 -4 0 1 0 0.2 0 0 rect2p.dat
1 16 0 -4.83345 4.43345 0 0 -4 0.16655 0.814063 0 0.23345 -0.999995 0 rect2p.dat
1 16 0 -1.66535 -3.59775 0 0 4 -0.13465 -1.564 0 0.09775 -2.1544 0 rect.dat
1 16 0 -3.25 -3.5 -4 0 0 0 0 -1.45 0 -1.0087 0 rect3.dat
1 16 0 -4.85 -3.65 -4 0 0 0 0.707107 -0.15 0 -0.999996 -0.15 rect3.dat
1 16 0 -5 -4 0 0 4 0 1 0 -0.2 0 0 rect2p.dat
1 16 0 -4.83345 -4.43345 0 0 4 0.16655 0.814063 0 -0.23345 0.999995 0 rect2p.dat
5 24 4 -5 4.2 -4 -5 4.2 4 -4.6669 4.6669 4 -5 3.8
5 24 4 -5 -4.2 -4 -5 -4.2 4 -4.6669 -4.6669 4 -5 -3.8
5 24 4 -4.6669 -4.6669 -4 -4.6669 -4.6669 4 -2.5257 -6.0978 4 -5 -4.2
5 24 4 -4.6669 4.6669 -4 -4.6669 4.6669 4 -5 4.2 4 -2.5257 6.0978
0 //
1 16 4 38.202 -12.045 0 -1 0 3.37356 0 -2.1492 2.1492 0 3.37356 5-8edge.DAT
1 16 4 38.202 -12.045 0 -1 0 6.49972 0 -1.14608 1.14608 0 6.49972 3-4edge.dat
1 16 4 38.202 -12.045 0 -6 0 0.432879 0 -1.95259 1.95259 0 0.432879 2-4ring2.dat
1 16 4 38.202 -12.045 0 -6 0 1.68678 0 -1.0746 1.0746 0 1.68678 1-8ring2.dat
1 16 4 38.202 -12.045 0 -6 0 0.590884 0 -0.104189 0.104189 0 0.590884 3-4rin10.dat
4 16 4 40.118401 -18.025801 4 39.244099 -17.953899 4 39.348301 -18.5448 4 39.888901 -18.353399
4 16 4 40.118401 -18.025801 4 40.044701 -17.607901 4 37.669102 -15.9446 4 39.244099 -17.953899
4 16 4 36.9035 -17.903 4 39.244099 -17.953899 4 37.669102 -15.9446 4 37.336399 -15.9502
4 16 4 44.707001 -11.4725 4 44.7019 -10.899 4 44.111 -11.0032 4 44.477501 -11.8002
4 16 4 44.111 -11.0032 4 41.6842 -10.2105 4 44.0597 -11.8739 4 44.477501 -11.8002
4 16 4 41.575699 -9.89589 4 41.6842 -10.2105 4 44.111 -11.0032 4 43.2626 -8.8212
0 //
1 16 -4 38.202 -12.045 0 -1 0 3.37356 0 -2.1492 2.1492 0 3.37356 5-8edge.DAT
1 16 -4 38.202 -12.045 0 -1 0 6.49972 0 -1.14608 1.14608 0 6.49972 3-4edge.dat
1 16 -4 38.202 -12.045 0 6 0 -1.68678 0 -1.0746 -1.0746 0 1.68678 2-4ring2.dat
1 16 -4 38.202 -12.045 0 6 0 -0.432879 0 -1.95259 -1.95259 0 0.432879 1-8ring2.dat
1 16 -4 38.202 -12.045 0 6 0 0.104189 0 -0.590884 -0.590884 0 -0.104189 3-4rin10.dat
4 16 -4 44.477501 -11.8002 -4 44.111 -11.0032 -4 44.7019 -10.899 -4 44.707001 -11.4725
4 16 -4 44.477501 -11.8002 -4 44.0597 -11.8739 -4 41.6842 -10.2105 -4 44.111 -11.0032
4 16 -4 43.2626 -8.8212 -4 44.111 -11.0032 -4 41.6842 -10.2105 -4 41.575699 -9.89589
4 16 -4 39.888901 -18.353399 -4 39.348301 -18.5448 -4 39.244099 -17.953899 -4 40.118401 -18.025801
4 16 -4 39.244099 -17.953899 -4 37.669102 -15.9446 -4 40.044701 -17.607901 -4 40.118401 -18.025801
4 16 -4 37.336399 -15.9502 -4 37.669102 -15.9446 -4 39.244099 -17.953899 -4 36.9035 -17.903
0 //
0 BFC INVERTNEXT
1 16 4 38.202 -12.045 0 -8 0 3.37356 0 -2.1492 2.1492 0 3.37356 5-8cyli.DAT
1 16 4 38.202 -12.045 0 -8 0 6.49972 0 -1.14608 1.14608 0 6.49972 3-4cyli.dat
1 16 0 37.502701 -15.9474 0 0 -4 0.16635 0.01683 0 0.0028 -1 0 rect.dat
1 16 0 38.856899 -16.7763 4 0 0 0 -13.3064 1.1878 0 -19.004801 -0.83165 rect3.dat
1 16 0 40.0816 -17.816799 4 0 0 0 -1.1144 0.03685 0 -0.196533 -0.20895 rect3.dat
1 16 0 40.0037 -18.1896 0 0 -4 -0.11475 -0.819021 0 -0.1638 0.99999 0 rect2p.dat
1 16 0 39.618599 -18.4491 0 0 -4 -0.2703 -0.33375 0 -0.0957 1 0 rect2p.dat
1 16 0 41.630001 -10.0532 0 0 4 0.05425 0.94536 0 -0.157305 0.999941 0 rect.dat
1 16 0 42.871899 -11.0422 -4 0 0 0 0.57359 1.18775 0 1 -0.8317 rect3.dat
1 16 0 44.2686 -11.8371 -4 0 0 0 -0.173718 0.2089 0 1 0.03685 rect3.dat
1 16 0 44.5923 -11.6364 0 0 4 0.11475 -0.819103 0 0.16385 0.99999 0 rect2p.dat
1 16 0 44.704498 -11.1858 0 0 4 -0.00255 -1.147 0 0.28675 -0.0102 0 rect2p.dat
5 24 4 39.888901 -18.353399 -4 39.888901 -18.353399 4 39.348301 -18.5448 4 40.118401 -18.025801
5 24 4 44.707001 -11.4725 -4 44.707001 -11.4725 4 44.7019 -10.899 4 44.477501 -11.8002
5 24 4 44.7019 -10.899 -4 44.7019 -10.899 4 43.7687 -8.49875 4 44.707001 -11.4725
5 24 4 39.348301 -18.5448 -4 39.348301 -18.5448 4 39.888901 -18.353399 4 36.773602 -18.4888
0 //
1 16 0 14.897 3.5 2 0 0 0 0 3.39695 0 -1.0065 0 rect3.dat
1 16 0 14.897 -3.5 -2 0 0 0 0 3.39695 0 1 0 rect3.dat
4 16 2 11.5 -3.5 2 18.2939 -3.5 2 18.2939 3.5 2 11.5 3.5
4 16 -2 11.5 3.5 -2 18.2939 3.5 -2 18.2939 -3.5 -2 11.5 -3.5
1 16 2 21 0 0 -6 0 -3.18198 0 -3.18198 3.18198 0 -3.18198 1-4edge.dat
1 16 -2 21 0 0 -6 0 -3.18198 0 -3.18198 3.18198 0 -3.18198 1-4edge.dat
2 24 2 17.8181 -3.182 2 18.2939 -3.49997
2 24 2 17.8181 3.182 2 18.2938 3.49992
2 24 -2 17.8181 3.182 -2 18.2939 3.49997
2 24 -2 17.8181 -3.182 -2 18.2938 -3.49992
0 //
2 24 -3 11.5 -3.5 3 11.5 -3.5
2 24 -3 11.5 3.5 3 11.5 3.5
1 16 2.5 11.5 2.5 0.5 0 0 0 -1 0 0 0 -1 rect3.dat
1 16 -2.5 11.5 2.5 0.5 0 0 0 -1 0 0 0 -1 rect3.dat
1 16 -2.5 11.5 -2.5 -0.5 0 0 0 -1 0 0 0 1 rect3.dat
1 16 2.5 11.5 -2.5 -0.5 0 0 0 -1 0 0 0 1 rect3.dat
2 24 4 2.5257 6.0978 3 11.5 3.5
2 24 -4 2.5257 6.0978 -3 11.5 3.5
4 16 4 2.5257 6.0978 3 11.5 3.5 -3 11.5 3.5 -4 2.5257 6.0978
2 24 4 2.5257 -6.0978 3 11.5 -3.5
2 24 -4 2.5257 -6.0978 -3 11.5 -3.5
4 16 -4 2.5257 -6.0978 -3 11.5 -3.5 3 11.5 -3.5 4 2.5257 -6.0978
0 //
2 24 3.57924 6.30171 1.5 3 11.5 1.5
2 24 3.57924 6.30171 1.5 2 6.30171 1.5
4 16 2 11.5 1.5 3 11.5 1.5 3.57924 6.30171 1.5 2 6.30171 1.5
4 16 3.57924 6.30171 1.5 3 11.5 1.5 3 11.5 3.5 4 2.5257 6.0978
2 24 3.57924 6.30171 1.5 3.60196 6.0978 2.5257
2 24 3.60196 6.0978 2.5257 3.76141 4.6669 4.6669
2 24 4 2.5257 6.0978 3.76141 4.6669 4.6669
0 //
2 24 3.57924 6.30171 -1.5 3 11.5 -1.5
2 24 3.57924 6.30171 -1.5 2 6.30171 -1.5
4 16 2 6.3017 -1.5 3.5792 6.3017 -1.5 3 11.5 -1.5 2 11.5 -1.5
4 16 4 2.5257 -6.0978 3 11.5 -3.5 3 11.5 -1.5 3.5792 6.3017 -1.5
2 24 3.57924 6.30171 -1.5 3.60196 6.0978 -2.5257
2 24 3.60196 6.0978 -2.5257 3.76141 4.6669 -4.6669
2 24 4 2.5257 -6.0978 3.76141 4.6669 -4.6669
0 //
1 16 2 8.90086 0 0 -1.03966 0 -2.59915 0 0 0 0 -1.5 rect2p.dat
2 24 2 6.30171 -1.49998 2 6.5999 0
2 24 2 6.5999 0 2 6.30171 1.49998
0 //
2 24 -3.57924 6.30171 1.5 -3 11.5 1.5
2 24 -3.57924 6.30171 1.5 -2 6.30171 1.5
4 16 -2 6.3017 1.5 -3.5792 6.3017 1.5 -3 11.5 1.5 -2 11.5 1.5
4 16 -4 2.5257 6.0978 -3 11.5 3.5 -3 11.5 1.5 -3.5792 6.3017 1.5
2 24 -3.57924 6.30171 1.5 -3.60196 6.0978 2.5257
2 24 -3.60196 6.0978 2.5257 -3.76141 4.6669 4.6669
2 24 -4 2.5257 6.0978 -3.76141 4.6669 4.6669
0 //
2 24 -3.57924 6.30171 -1.5 -3 11.5 -1.5
2 24 -3.57924 6.30171 -1.5 -2 6.30171 -1.5
4 16 -2 11.5 -1.5 -3 11.5 -1.5 -3.57924 6.30171 -1.5 -2 6.30171 -1.5
4 16 -3.57924 6.30171 -1.5 -3 11.5 -1.5 -3 11.5 -3.5 -4 2.5257 -6.0978
2 24 -3.57924 6.30171 -1.5 -3.60196 6.0978 -2.5257
2 24 -3.60196 6.0978 -2.5257 -3.76141 4.6669 -4.6669
2 24 -4 2.5257 -6.0978 -3.76141 4.6669 -4.6669
0 //
1 16 -2 8.90085 0 0 1 0 -2.59915 0 0 0 0 1.5 rect2p.dat
2 24 -2 6.30171 -1.49998 -2 6.5999 0
2 24 -2 6.5999 0 -2 6.30171 1.49998
0 //
1 16 0 26.4888 -8.11771 0 0 -2 -5.24405 0.572996 0 3.66639 1 0 rect.dat
4 16 2 35.750999 -6.0527 2 25.2404 1.3057 2 21.244801 -4.4513 2 31.732901 -11.7841
1 16 0 30.495701 -2.3735 0 0 2 -5.2553 -29.433599 0 3.6792 -42.0424 0 rect.dat
4 16 -2 31.732901 -11.7841 -2 21.244801 -4.45132 -2 25.2404 1.30573 -2 35.750999 -6.05266
0 //
2 24 2 21.244801 -4.45132 2 22.7222 -4.1575
2 24 -2 21.244801 -4.45132 -2 22.7222 -4.1575
2 24 -2 25.5 0 -2 25.2404 1.30573
2 24 2 25.5 0 2 25.2404 1.30573
1 16 2 21 0 0 -6 0 1.72207 0 4.15746 -4.15746 0 1.72207 3-16edge.dat
1 16 -2 21 0 0 -6 0 1.72207 0 4.15746 -4.15746 0 1.72207 3-16edge.dat
0 //
2 24 2 34.655701 -6.4785 2 35.750999 -6.05266
2 24 -2 34.655701 -6.4785 -2 35.750999 -6.05266
2 24 2 31.732901 -11.7841 2 31.758301 -10.6164
2 24 -2 31.732901 -11.7841 -2 31.758301 -10.6164
1 16 2 38.202 -12.045 0 -1 0 -3.54617 0 -5.56638 5.56638 0 -3.54617 1-8edge.dat
1 16 -2 38.202 -12.045 0 -1 0 -3.54617 0 -5.56638 5.56638 0 -3.54617 1-8edge.dat
0 //
0 //
1 16 4 0 0 -0 -1 0.000001 -4.242639 0 4.242642 -4.242642 -0 -4.242639 1-16chrd.dat
1 16 4 0 0 -0 -1 0.000001 -2.2961 -0 -5.543277 5.543277 -0 -2.2961 1-16chrd.dat
1 16 4 38.202 -12.045 -0 -1 0 5.908845 -0 -1.041891 1.041891 0 5.908845 1-16chrd.dat
1 16 4 38.202 -12.045 0 -1 -0.000001 -1.298636 -0 5.857776 -5.857776 0 -1.298636 1-16chrd.dat
1 16 -4 0 0 -0 1 0 -4.24264 -0 4.242641 4.242641 -0 4.24264 1-16chrd.dat
1 16 -4 0 0 -0 1 -0 -2.2961 -0 -5.543277 -5.543277 0 2.2961 1-16chrd.dat
1 16 -4 38.202 -12.045 -0 1 -0.000001 1.041892 -0 -5.908846 -5.908846 -0 -1.041892 1-16chrd.dat
1 16 -4 38.202 -12.045 -0 1 -0.000001 5.060349 0 3.223798 3.223798 -0 -5.060349 1-16chrd.dat
