0 Brick 16 x 16 Quarter Circle
0 Name: 33230.dat
0 Author: Paul Izquierdo Rojas [pir]
0 !LDRAW_ORG Part UPDATE 2018-02
0 !LICENSE Redistributable under CCAL version 2.0 : see CAreadme.txt
0 BFC CERTIFY CCW
0 !HISTORY 2017-05-11 [MagFors] Used subfile, added edgelines
0 !HISTORY 2018-12-08 [PTadmin] Official Update 2018-02
3 16 -156 4 -156 -40 4 -40 156 4 -40
3 16 -40 4 -40 -156 4 -156 -40 4 156
2 24 -156 4 -156 -156 24 -156
0 BFC INVERTNEXT
1 16 156 24 -156 -312 0 0 0 -20 0 0 0 116 tri3a4.dat
0 BFC INVERTNEXT
1 16 -156 24 156 116 0 0 0 -20 0 0 0 -312 tri3a4.dat
3 16 -40 0 -40 -160 0 -160 160 0 -40
3 16 -160 0 -160 -40 0 -40 -40 0 160
2 24 -160 0 -160 -160 24 -160
1 16 160 24 -160 -320 0 0 0 -24 0 0 0 120 tri3a4.dat
1 16 -160 24 160 120 0 0 0 -24 0 0 0 -320 tri3a4.dat
4 16 160 24 -160 -160 24 -160 -156 24 -156 156 24 -156
4 16 -160 24 -160 -160 24 160 -156 24 156 -156 24 -156
4 16 160 24 -40 160 24 -160 156 24 -156 156 24 -40
4 16 -160 24 160 -40 24 160 -40 24 156 -156 24 156
0 // edge top
1 16 40 0 40 0 0 -1 0 1 0 1 0 0 s\6162s02.dat
1 16 73.099998 0 -40 0.707107 0 -0.707107 -0 1 -0 0.707107 0 0.707107 s\6162s02.dat
0 // studs top
1 16 -80 0 -80 -1 0 0 0 1 0 0 0 -1 stug-8x8.dat
1 16 -80 0 80 -1 0 0 0 1 0 0 0 -1 stug-8x8.dat
1 16 80 0 -80 -1 0 0 0 1 0 0 0 -1 stug-8x8.dat
1 16 50 0 50 -1 0 0 0 1 0 0 0 -1 stug-5x5.dat
1 16 120 0 20 -1 0 0 0 1 0 0 0 -1 stug-2x2.dat
1 16 20 0 120 -1 0 0 0 1 0 0 0 -1 stug-2x2.dat
1 16 50 0 110 -1 0 0 0 1 0 0 0 -1 stud.dat
1 16 70 0 110 -1 0 0 0 1 0 0 0 -1 stud.dat
1 16 110 0 70 -1 0 0 0 1 0 0 0 -1 stud.dat
1 16 110 0 50 -1 0 0 0 1 0 0 0 -1 stud.dat
0 // stud bottom
1 16 -140 4 -140 1 0 0 0 -5 0 0 0 1 stud4.dat
1 16 -100 4 -140 1 0 0 0 -5 0 0 0 1 stud4.dat
1 16 -60 4 -140 1 0 0 0 -5 0 0 0 1 stud4.dat
1 16 -20 4 -140 1 0 0 0 -5 0 0 0 1 stud4.dat
1 16 20 4 -140 1 0 0 0 -5 0 0 0 1 stud4.dat
1 16 60 4 -140 1 0 0 0 -5 0 0 0 1 stud4.dat
1 16 100 4 -140 1 0 0 0 -5 0 0 0 1 stud4.dat
1 16 140 4 -140 1 0 0 0 -5 0 0 0 1 stud4.dat
1 16 -140 4 -100 1 0 0 0 -5 0 0 0 1 stud4.dat
1 16 -100 4 -100 1 0 0 0 -5 0 0 0 1 stud4.dat
1 16 -60 4 -100 1 0 0 0 -5 0 0 0 1 stud4.dat
1 16 -20 4 -100 1 0 0 0 -5 0 0 0 1 stud4.dat
1 16 20 4 -100 1 0 0 0 -5 0 0 0 1 stud4.dat
1 16 60 4 -100 1 0 0 0 -5 0 0 0 1 stud4.dat
1 16 100 4 -100 1 0 0 0 -5 0 0 0 1 stud4.dat
1 16 140 4 -100 1 0 0 0 -5 0 0 0 1 stud4.dat
1 16 -140 4 -60 1 0 0 0 -5 0 0 0 1 stud4.dat
1 16 -100 4 -60 1 0 0 0 -5 0 0 0 1 stud4.dat
1 16 -60 4 -60 1 0 0 0 -5 0 0 0 1 stud4.dat
1 16 -20 4 -60 1 0 0 0 -5 0 0 0 1 stud4.dat
1 16 20 4 -60 1 0 0 0 -5 0 0 0 1 stud4.dat
1 16 60 4 -60 1 0 0 0 -5 0 0 0 1 stud4.dat
1 16 100 4 -60 1 0 0 0 -5 0 0 0 1 stud4.dat
1 16 140 4 -60 1 0 0 0 -5 0 0 0 1 stud4.dat
1 16 -140 4 -20 1 0 0 0 -5 0 0 0 1 stud4.dat
1 16 -100 4 -20 1 0 0 0 -5 0 0 0 1 stud4.dat
1 16 -60 4 -20 1 0 0 0 -5 0 0 0 1 stud4.dat
1 16 -20 4 -20 1 0 0 0 -5 0 0 0 1 stud4.dat
1 16 20 4 -20 1 0 0 0 -5 0 0 0 1 stud4.dat
1 16 60 4 -20 1 0 0 0 -5 0 0 0 1 stud4.dat
1 16 100 4 -20 1 0 0 0 -5 0 0 0 1 stud4.dat
1 16 140 4 -20 1 0 0 0 -5 0 0 0 1 stud4.dat
1 16 -140 4 20 1 0 0 0 -5 0 0 0 1 stud4.dat
1 16 -100 4 20 1 0 0 0 -5 0 0 0 1 stud4.dat
1 16 -60 4 20 1 0 0 0 -5 0 0 0 1 stud4.dat
1 16 -20 4 20 1 0 0 0 -5 0 0 0 1 stud4.dat
1 16 20 4 20 1 0 0 0 -5 0 0 0 1 stud4.dat
1 16 60 4 20 1 0 0 0 -5 0 0 0 1 stud4.dat
1 16 100 4 20 1 0 0 0 -5 0 0 0 1 stud4.dat
1 16 -140 4 60 1 0 0 0 -5 0 0 0 1 stud4.dat
1 16 -100 4 60 1 0 0 0 -5 0 0 0 1 stud4.dat
1 16 -60 4 60 1 0 0 0 -5 0 0 0 1 stud4.dat
1 16 -20 4 60 1 0 0 0 -5 0 0 0 1 stud4.dat
1 16 20 4 60 1 0 0 0 -5 0 0 0 1 stud4.dat
1 16 60 4 60 1 0 0 0 -5 0 0 0 1 stud4.dat
1 16 100 4 60 1 0 0 0 -5 0 0 0 1 stud4.dat
1 16 -140 4 100 1 0 0 0 -5 0 0 0 1 stud4.dat
1 16 -100 4 100 1 0 0 0 -5 0 0 0 1 stud4.dat
1 16 -60 4 100 1 0 0 0 -5 0 0 0 1 stud4.dat
1 16 -20 4 100 1 0 0 0 -5 0 0 0 1 stud4.dat
1 16 20 4 100 1 0 0 0 -5 0 0 0 1 stud4.dat
1 16 60 4 100 1 0 0 0 -5 0 0 0 1 stud4.dat
1 16 -140 4 140 1 0 0 0 -5 0 0 0 1 stud4.dat
1 16 -100 4 140 1 0 0 0 -5 0 0 0 1 stud4.dat
1 16 -60 4 140 1 0 0 0 -5 0 0 0 1 stud4.dat
1 16 -20 4 140 1 0 0 0 -5 0 0 0 1 stud4.dat
0 // studs with fillet
1 16 -120 4 -120 1 0 0 0 1 0 0 0 1 s\33230s01.dat
1 16 -80 4 -120 1 0 0 0 1 0 0 0 1 s\33230s01.dat
1 16 -40 4 -120 1 0 0 0 1 0 0 0 1 s\33230s01.dat
1 16 0 4 -120 1 0 0 0 1 0 0 0 1 s\33230s01.dat
1 16 40 4 -120 1 0 0 0 1 0 0 0 1 s\33230s01.dat
1 16 80 4 -120 1 0 0 0 1 0 0 0 1 s\33230s01.dat
1 16 120 4 -120 1 0 0 0 1 0 0 0 1 s\33230s01.dat
1 16 -120 4 -80 1 0 0 0 1 0 0 0 1 s\33230s01.dat
1 16 -80 4 -80 1 0 0 0 1 0 0 0 1 s\33230s01.dat
1 16 -40 4 -80 1 0 0 0 1 0 0 0 1 s\33230s01.dat
1 16 0 4 -80 1 0 0 0 1 0 0 0 1 s\33230s01.dat
1 16 40 4 -80 1 0 0 0 1 0 0 0 1 s\33230s01.dat
1 16 80 4 -80 1 0 0 0 1 0 0 0 1 s\33230s01.dat
1 16 120 4 -80 1 0 0 0 1 0 0 0 1 s\33230s01.dat
1 16 -120 4 -40 1 0 0 0 1 0 0 0 1 s\33230s01.dat
1 16 -80 4 -40 1 0 0 0 1 0 0 0 1 s\33230s01.dat
1 16 -40 4 -40 1 0 0 0 1 0 0 0 1 s\33230s01.dat
1 16 0 4 -40 1 0 0 0 1 0 0 0 1 s\33230s01.dat
1 16 40 4 -40 1 0 0 0 1 0 0 0 1 s\33230s01.dat
1 16 80 4 -40 1 0 0 0 1 0 0 0 1 s\33230s01.dat
1 16 120 4 -40 1 0 0 0 1 0 0 0 1 s\33230s01.dat
1 16 -120 4 0 1 0 0 0 1 0 0 0 1 s\33230s01.dat
1 16 -80 4 0 1 0 0 0 1 0 0 0 1 s\33230s01.dat
1 16 -40 4 0 1 0 0 0 1 0 0 0 1 s\33230s01.dat
1 16 0 4 0 1 0 0 0 1 0 0 0 1 s\33230s01.dat
1 16 40 4 0 1 0 0 0 1 0 0 0 1 s\33230s01.dat
1 16 80 4 0 1 0 0 0 1 0 0 0 1 s\33230s01.dat
1 16 120 4 0 1 0 0 0 1 0 0 0 1 s\33230s01.dat
1 16 -120 4 40 1 0 0 0 1 0 0 0 1 s\33230s01.dat
1 16 -80 4 40 1 0 0 0 1 0 0 0 1 s\33230s01.dat
1 16 -40 4 40 1 0 0 0 1 0 0 0 1 s\33230s01.dat
1 16 0 4 40 1 0 0 0 1 0 0 0 1 s\33230s01.dat
1 16 40 4 40 1 0 0 0 1 0 0 0 1 s\33230s01.dat
1 16 80 4 40 1 0 0 0 1 0 0 0 1 s\33230s01.dat
1 16 120 4 40 1 0 0 0 1 0 0 0 1 s\33230s01.dat
1 16 -120 4 80 1 0 0 0 1 0 0 0 1 s\33230s01.dat
1 16 -80 4 80 1 0 0 0 1 0 0 0 1 s\33230s01.dat
1 16 -40 4 80 1 0 0 0 1 0 0 0 1 s\33230s01.dat
1 16 0 4 80 1 0 0 0 1 0 0 0 1 s\33230s01.dat
1 16 40 4 80 1 0 0 0 1 0 0 0 1 s\33230s01.dat
1 16 80 4 80 1 0 0 0 1 0 0 0 1 s\33230s01.dat
1 16 -120 4 120 1 0 0 0 1 0 0 0 1 s\33230s01.dat
1 16 -80 4 120 1 0 0 0 1 0 0 0 1 s\33230s01.dat
1 16 -40 4 120 1 0 0 0 1 0 0 0 1 s\33230s01.dat
1 16 0 4 120 1 0 0 0 1 0 0 0 1 s\33230s01.dat
1 16 40 4 120 1 0 0 0 1 0 0 0 1 s\33230s01.dat
0 // studs fillet ends
1 16 -120 4 -148 0 0 -1 0 10 0 8 0 0 box3u5p.dat
1 16 -80 4 -148 0 0 -1 0 10 0 8 0 0 box3u5p.dat
1 16 -40 4 -148 0 0 -1 0 10 0 8 0 0 box3u5p.dat
1 16 0 4 -148 0 0 -1 0 10 0 8 0 0 box3u5p.dat
1 16 40 4 -148 0 0 -1 0 10 0 8 0 0 box3u5p.dat
1 16 80 4 -148 0 0 -1 0 10 0 8 0 0 box3u5p.dat
1 16 120 4 -148 0 0 -1 0 10 0 8 0 0 box3u5p.dat
1 16 -148 4 -120 8 0 0 0 10 0 0 0 1 box3u5p.dat
1 16 -148 4 -80 8 0 0 0 10 0 0 0 1 box3u5p.dat
1 16 -148 4 -40 8 0 0 0 10 0 0 0 1 box3u5p.dat
1 16 -148 4 0 8 0 0 0 10 0 0 0 1 box3u5p.dat
1 16 -148 4 40 8 0 0 0 10 0 0 0 1 box3u5p.dat
1 16 -148 4 80 8 0 0 0 10 0 0 0 1 box3u5p.dat
1 16 -148 4 120 8 0 0 0 10 0 0 0 1 box3u5p.dat
1 16 148 4 -120 -8 0 0 0 10 0 0 0 -1 box3u5p.dat
1 16 148 4 -80 -8 0 0 0 10 0 0 0 -1 box3u5p.dat
1 16 148 4 -40 -8 0 0 0 10 0 0 0 -1 box3u5p.dat
1 16 -120 4 148 0 0 1 0 10 0 -8 0 0 box3u5p.dat
1 16 -80 4 148 0 0 1 0 10 0 -8 0 0 box3u5p.dat
1 16 -40 4 148 0 0 1 0 10 0 -8 0 0 box3u5p.dat
1 16 0 4 146 0 0 1 0 10 0 -6 0 0 box3u5p.dat
1 16 80 4 108 0 0 1 0 10 0 -8 0 0 box3u5p.dat
1 16 120 4 67.5 0 0 1 0 10 0 -7.5 0 0 box3u5p.dat
1 16 146 4 0 -6 0 0 0 10 0 0 0 -1 box3u5p.dat
1 16 108 4 80 -8 0 0 0 10 0 0 0 -1 box3u5p.dat
1 16 67.5 4 120 -7.5 0 0 0 10 0 0 0 -1 box3u5p.dat
0 // added edgelines
2 24 155.934097 14 -39 156 14 -40
2 24 155.934097 14 -39 155.934097 4 -39
2 24 151.646744 4 -1 151.646744 14 -1
2 24 151.249237 14 1 151.249237 4 1
2 24 151.249237 14 1 151.646744 14 -1
2 24 138.127304 4 41 138.127304 14 41
2 24 139.114517 14 39 138.127304 14 41
2 24 139.114517 14 39 139.114517 4 39
2 24 119 14 74.089211 119 4 74.089211
2 24 119 14 74.089211 121 14 71.091965
2 24 121 4 71.091965 121 14 71.091965
2 24 115.723129 14 79 115.723129 4 79
2 24 115.506401 14 79.324799 115.723129 14 79
2 24 115.506401 14 79.324799 114.035698 14 81
2 24 114.035698 4 81 114.035698 14 81
2 24 -39 14 155.934097 -40 14 156
2 24 -39 14 155.934097 -39 4 155.934097
2 24 -1 4 151.646698 -1 14 151.646698
2 24 1 14 151.249207 1 4 151.249207
2 24 1 14 151.249207 -1 14 151.646698
2 24 41 4 138.127304 41 14 138.127304
2 24 39 14 139.114502 41 14 138.127304
2 24 39 14 139.114502 39 4 139.114502
2 24 74.089203 14 119 74.089203 4 119
2 24 74.089203 14 119 71.092003 14 121
2 24 71.092003 4 121 71.092003 14 121
2 24 79 14 115.723099 79 4 115.723099
2 24 79.324799 14 115.506401 79 14 115.723099
2 24 79.324799 14 115.506401 81 14 114.035698
2 24 81 4 114.035698 81 14 114.035698