0 Minifig Construction Helmet
0 Name: 3833.dat
0 Author: Chris Dee [cwdee]
0 !LDRAW_ORG Part UPDATE 2015-01
0 !LICENSE Redistributable under CCAL version 2.0 : see CAreadme.txt
0 BFC CERTIFY CCW
0 !CATEGORY Minifig Headwear
0 !KEYWORDS Hat, Hard, Hardhat
0 !HISTORY 1998-12-15 [PTadmin] Official Update 1998-10
0 !HISTORY 2007-06-29 [PTadmin] Header formatted for Contributor Agreement
0 !HISTORY 2008-07-01 [PTadmin] Official Update 2008-01
0 !HISTORY 2012-01-06 [Steffen] BFCed, corrected underside stud
0 !HISTORY 2012-03-30 [PTadmin] Official Update 2012-01
0 !HISTORY 2012-12-24 [cwdee] Update category
0 !HISTORY 2012-12-28 [PTadmin] Official Update 2012-03
0 !HISTORY 2014-11-21 [roland] Auto-corrected with libfix version of LDCad 1.4
0 !HISTORY 2014-12-26 [Philo] Corrected BFC errors, minor improvements
0 !HISTORY 2015-10-11 [PTadmin] Official Update 2015-01
0 !HISTORY 2019-05-13 [BLStudio] Mesh modification 2019-05

1 16 0.000000 -6.000000 0.000000 8.666670 0.000000 0.000000 0.000000 -1.000000 0.000000 0.000000 0.000000 8.666670 4-4disc.dat
1 16 0.000000 -6.000000 0.000000 8.666670 0.000000 0.000000 0.000000 -1.000000 0.000000 0.000000 0.000000 8.666670 4-4edge.dat
0 BFC INVERTNEXT
1 16 0.000000 2.000000 0.000000 4.333330 0.000000 0.000000 0.000000 -8.000000 0.000000 0.000000 0.000000 4.333330 4-4con2.dat
1 16 0.000000 -6.000000 0.000000 -1.000000 0.000000 0.000000 0.000000 -1.500000 0.000000 0.000000 0.000000 1.000000 stud4.dat
1 16 0.000000 2.000000 0.000000 13.000000 0.000000 0.000000 0.000000 1.000000 0.000000 0.000000 0.000000 13.000000 4-4edge.dat
0 BFC INVERTNEXT
1 16 0.000000 2.000000 0.000000 13.000000 0.000000 0.000000 0.000000 4.000000 0.000000 0.000000 0.000000 13.000000 4-4cyli.dat
1 16 0.000000 6.000000 0.000000 13.000000 0.000000 0.000000 0.000000 1.000000 0.000000 0.000000 0.000000 13.000000 4-4edge.dat
4 16 0.0000 6.0000 -13.0000 5.3580 6.0000 -20.9340 0.0000 6.0000 -22.0000 -5.3580 6.0000 -20.9340
4 16 5.3580 6.0000 -20.9340 0.0000 6.0000 -13.0000 4.9750 6.0000 -12.0100 9.8990 6.0000 -17.8990
4 16 9.8990 6.0000 -17.8990 4.9750 6.0000 -12.0100 9.1920 6.0000 -9.1920 12.9340 6.0000 -13.3580
4 16 12.9340 6.0000 -13.3580 9.1920 6.0000 -9.1920 12.0100 6.0000 -4.9750 15.7060 6.0000 -6.5060
4 16 15.7060 6.0000 -6.5060 12.0100 6.0000 -4.9750 13.0000 6.0000 0.0000 17.0000 6.0000 0.0000
4 16 17.0000 6.0000 0.0000 13.0000 6.0000 0.0000 12.0100 6.0000 4.9750 15.7060 6.0000 6.5060
4 16 15.7060 6.0000 6.5060 12.0100 6.0000 4.9750 9.1920 6.0000 9.1920 12.0210 6.0000 12.0210
4 16 12.0210 6.0000 12.0210 9.1920 6.0000 9.1920 4.9750 6.0000 12.0100 6.5060 6.0000 15.7060
4 16 6.5060 6.0000 15.7060 4.9750 6.0000 12.0100 0.0000 6.0000 13.0000 0.0000 6.0000 17.0000
4 16 0.0000 6.0000 17.0000 0.0000 6.0000 13.0000 -4.9750 6.0000 12.0100 -6.5060 6.0000 15.7060
4 16 -6.5060 6.0000 15.7060 -4.9750 6.0000 12.0100 -9.1920 6.0000 9.1920 -12.0210 6.0000 12.0210
4 16 -12.0210 6.0000 12.0210 -9.1920 6.0000 9.1920 -12.0100 6.0000 4.9750 -15.7060 6.0000 6.5060
4 16 -15.7060 6.0000 6.5060 -12.0100 6.0000 4.9750 -13.0000 6.0000 0.0000 -17.0000 6.0000 0.0000
4 16 -17.0000 6.0000 0.0000 -13.0000 6.0000 0.0000 -12.0100 6.0000 -4.9750 -15.7060 6.0000 -6.5060
4 16 -15.7060 6.0000 -6.5060 -12.0100 6.0000 -4.9750 -9.1920 6.0000 -9.1920 -12.9340 6.0000 -13.3580
4 16 -12.9340 6.0000 -13.3580 -9.1920 6.0000 -9.1920 -4.9750 6.0000 -12.0100 -9.8990 6.0000 -17.8990
4 16 -9.8990 6.0000 -17.8990 -4.9750 6.0000 -12.0100 0.0000 6.0000 -13.0000 -5.3580 6.0000 -20.9340
1 16 0.000000 6.000000 0.000000 -15.705000 0.000000 -6.506000 0.000000 1.000000 0.000000 6.506000 0.000000 -15.705000 1-8edge.dat
1 16 0.000000 6.000000 0.000000 15.705000 0.000000 6.506000 0.000000 1.000000 0.000000 -6.506000 0.000000 15.705000 2-4edge.dat
1 16 0.000000 6.000000 -8.000000 12.934000 0.000000 -5.358000 0.000000 1.000000 0.000000 -5.358000 0.000000 -12.934000 3-8edge.dat
1 16 14.320000 5.000000 -9.932000 -1.386000 -1.000000 0.000000 0.000000 0.000000 1.000000 -3.426000 0.000000 0.000000 rect2p.dat
1 16 0.000000 4.000000 0.000000 -15.705000 0.000000 -6.506000 0.000000 2.000000 0.000000 6.506000 0.000000 -15.705000 1-8cyli.dat
1 16 0.000000 4.000000 0.000000 15.705000 0.000000 6.506000 0.000000 2.000000 0.000000 -6.506000 0.000000 15.705000 2-4cyli.dat
1 16 -14.320000 5.000000 -9.932000 -1.386000 1.000000 0.000000 0.000000 0.000000 1.000000 3.426000 0.000000 0.000000 rect2p.dat
1 16 0.000000 4.000000 -8.000000 12.934000 0.000000 -5.358000 0.000000 2.000000 0.000000 -5.358000 0.000000 -12.934000 3-8cyli.dat
1 16 0.000000 4.000000 0.000000 -15.705000 0.000000 -6.506000 0.000000 1.000000 0.000000 6.506000 0.000000 -15.705000 1-8edge.dat
1 16 0.000000 4.000000 0.000000 15.705000 0.000000 6.506000 0.000000 1.000000 0.000000 -6.506000 0.000000 15.705000 2-4edge.dat
1 16 0.000000 4.000000 -8.000000 12.934000 0.000000 -5.358000 0.000000 1.000000 0.000000 -5.358000 0.000000 -12.934000 3-8edge.dat
4 16 -6.5060 4.0000 -15.7060 -5.7400 4.0000 -13.8580 -10.6070 4.0000 -10.6070 -12.0210 4.0000 -12.0210
4 16 0.0000 4.0000 -17.0000 0.0000 4.0000 -15.0000 -5.7400 4.0000 -13.8580 -6.5060 4.0000 -15.7060
4 16 6.5060 4.0000 -15.7060 5.7400 4.0000 -13.8580 0.0000 4.0000 -15.0000 0.0000 4.0000 -17.0000
4 16 12.0210 4.0000 -12.0210 10.6070 4.0000 -10.6070 5.7400 4.0000 -13.8580 6.5060 4.0000 -15.7060
4 16 15.7060 4.0000 -6.5060 13.8580 4.0000 -5.7400 10.6070 4.0000 -10.6070 12.0210 4.0000 -12.0210
3 16 15.7060 4.0000 -6.5060 12.0210 4.0000 -12.0210 12.9340 4.0000 -13.3580
3 16 -12.9340 4.0000 -13.3580 -12.0210 4.0000 -12.0210 -15.7060 4.0000 -6.5060
1 16 0.000000 -11.000000 0.000000 4.500000 0.000000 0.000000 0.000000 1.000000 0.000000 0.000000 0.000000 4.500000 4-4disc.dat
2 24 -1.0000 -11.0000 4.3010 -1.0000 -6.6070 10.6070
2 24 -1.0000 -6.6070 10.6070 -1.0000 -1.7400 13.8580
2 24 -1.0000 -1.7400 13.8580 -1.0000 4.0000 15.0000
3 16 -1.0000 -6.6070 10.6070 -1.0000 -11.0000 4.3010 0.0000 -7.3140 11.3140
3 16 0.0000 -7.3140 11.3140 -1.0000 -11.0000 4.3010 0.0000 -11.0000 5.5000
4 16 0.0000 -7.3140 11.3140 0.0000 -2.1230 14.7820 -1.0000 -1.7400 13.8580 -1.0000 -6.6070 10.6070
4 16 0.0000 -2.1230 14.7820 0.0000 4.0000 16.0000 -1.0000 4.0000 15.0000 -1.0000 -1.7400 13.8580
3 16 -1.0000 -11.0000 4.3010 0.0000 -11.0000 4.5000 0.0000 -11.0000 5.5000
2 24 0.0000 -11.0000 5.5000 -1.0000 -11.0000 4.3010
2 24 0.0000 4.0000 16.0000 -1.0000 4.0000 15.0000
5 24 0.0000 -7.3140 11.3140 0.0000 -2.1230 14.7820 -1.0000 -1.7400 13.8580 1.0000 -1.7400 13.8580
5 24 0.0000 -2.1230 14.7820 0.0000 4.0000 16.0000 -1.0000 4.0000 15.0000 1.0000 4.0000 15.0000
2 24 0.0000 4.0000 16.0000 1.0000 4.0000 15.0000
2 24 0.0000 -11.0000 5.5000 1.0000 -11.0000 4.3010
3 16 0.0000 -11.0000 5.5000 0.0000 -11.0000 4.5000 1.0000 -11.0000 4.3010
4 16 0.0000 4.0000 16.0000 0.0000 -2.1230 14.7820 1.0000 -1.7400 13.8580 1.0000 4.0000 15.0000
4 16 1.0000 -6.6070 10.6070 1.0000 -1.7400 13.8580 0.0000 -2.1230 14.7820 0.0000 -7.3140 11.3140
3 16 0.0000 -7.3140 11.3140 0.0000 -11.0000 5.5000 1.0000 -11.0000 4.3010
3 16 1.0000 -11.0000 4.3010 1.0000 -6.6070 10.6070 0.0000 -7.3140 11.3140
2 24 1.0000 -11.0000 4.3010 1.0000 -6.6070 10.6070
2 24 1.0000 -6.6070 10.6070 1.0000 -1.7400 13.8580
2 24 1.0000 -1.7400 13.8580 1.0000 4.0000 15.0000
5 24 0.0000 -7.3140 11.3140 -1.0000 -6.6070 10.6070 0.0000 -11.0000 5.5000 0.0000 -2.1230 14.7820
5 24 0.0000 -2.1230 14.7820 -1.0000 -1.7400 13.8580 0.0000 -7.3140 11.3140 0.0000 4.0000 16.0000
5 24 0.0000 -2.1230 14.7820 1.0000 -1.7400 13.8580 0.0000 -7.3140 11.3140 0.0000 4.0000 16.0000
2 24 3.7480 -11.0000 2.3340 8.2070 -6.6070 6.7930
2 24 8.2070 -6.6070 6.7930 10.5060 -1.7400 9.0920
2 24 10.5060 -1.7400 9.0920 11.3140 4.0000 9.8990
3 16 8.0000 -7.3140 8.0000 3.8890 -11.0000 3.8890 3.7480 -11.0000 2.3340
3 16 3.7480 -11.0000 2.3340 8.2070 -6.6070 6.7930 8.0000 -7.3140 8.0000
4 16 8.2070 -6.6070 6.7930 10.5060 -1.7400 9.0920 10.4520 -2.1230 10.4520 8.0000 -7.3140 8.0000
4 16 11.3140 4.0000 11.3140 10.4520 -2.1230 10.4520 10.5060 -1.7400 9.0920 11.3140 4.0000 9.8990
3 16 3.8890 -11.0000 3.8890 3.1820 -11.0000 3.1820 3.7480 -11.0000 2.3340
2 24 3.8890 -11.0000 3.8890 3.7480 -11.0000 2.3340
2 24 11.3140 4.0000 11.3140 11.3140 4.0000 9.8990
5 24 8.0000 -7.3140 8.0000 10.4520 -2.1230 10.4520 10.5060 -1.7400 9.0920 9.0920 -1.7400 10.5060
5 24 10.4520 -2.1230 10.4520 11.3140 4.0000 11.3140 11.3140 4.0000 9.8990 9.8990 4.0000 11.3140
2 24 11.3140 4.0000 11.3140 9.8990 4.0000 11.3140
2 24 3.8890 -11.0000 3.8890 2.3340 -11.0000 3.7480
3 16 2.3340 -11.0000 3.7480 3.1820 -11.0000 3.1820 3.8890 -11.0000 3.8890
4 16 10.4520 -2.1230 10.4520 11.3140 4.0000 11.3140 9.8990 4.0000 11.3140 9.0920 -1.7400 10.5060
4 16 8.0000 -7.3140 8.0000 10.4520 -2.1230 10.4520 9.0920 -1.7400 10.5060 6.7930 -6.6070 8.2070
3 16 6.7930 -6.6070 8.2070 2.3340 -11.0000 3.7480 8.0000 -7.3140 8.0000
3 16 8.0000 -7.3140 8.0000 2.3340 -11.0000 3.7480 3.8890 -11.0000 3.8890
2 24 2.3340 -11.0000 3.7480 6.7930 -6.6070 8.2070
2 24 6.7930 -6.6070 8.2070 9.0920 -1.7400 10.5060
2 24 9.0920 -1.7400 10.5060 9.8990 4.0000 11.3140
5 24 10.4520 -2.1230 10.4520 10.5060 -1.7400 9.0920 8.0000 -7.3140 8.0000 11.3140 4.0000 11.3140
5 24 10.4520 -2.1230 10.4520 9.0920 -1.7400 10.5060 8.0000 -7.3140 8.0000 11.3140 4.0000 11.3140
5 24 8.0000 -7.3140 8.0000 6.7930 -6.6070 8.2070 3.8890 -11.0000 3.8890 10.4520 -2.1230 10.4520
2 24 4.3010 -11.0000 -1.0000 10.6070 -6.6070 -1.0000
2 24 10.6070 -6.6070 -1.0000 13.8580 -1.7400 -1.0000
2 24 13.8580 -1.7400 -1.0000 15.0000 4.0000 -1.0000
3 16 11.3140 -7.3140 0.0000 5.5000 -11.0000 0.0000 4.3010 -11.0000 -1.0000
3 16 4.3010 -11.0000 -1.0000 10.6070 -6.6070 -1.0000 11.3140 -7.3140 0.0000
4 16 10.6070 -6.6070 -1.0000 13.8580 -1.7400 -1.0000 14.7820 -2.1230 0.0000 11.3140 -7.3140 0.0000
4 16 16.0000 4.0000 0.0000 14.7820 -2.1230 0.0000 13.8580 -1.7400 -1.0000 15.0000 4.0000 -1.0000
3 16 5.5000 -11.0000 0.0000 4.5000 -11.0000 0.0000 4.3010 -11.0000 -1.0000
2 24 5.5000 -11.0000 0.0000 4.3010 -11.0000 -1.0000
2 24 16.0000 4.0000 0.0000 15.0000 4.0000 -1.0000
5 24 11.3140 -7.3140 0.0000 14.7820 -2.1230 0.0000 13.8580 -1.7400 -1.0000 13.8580 -1.7400 1.0000
5 24 14.7820 -2.1230 0.0000 16.0000 4.0000 0.0000 15.0000 4.0000 -1.0000 15.0000 4.0000 1.0000
2 24 16.0000 4.0000 0.0000 15.0000 4.0000 1.0000
2 24 5.5000 -11.0000 0.0000 4.3010 -11.0000 1.0000
3 16 4.3010 -11.0000 1.0000 4.5000 -11.0000 0.0000 5.5000 -11.0000 0.0000
4 16 14.7820 -2.1230 0.0000 16.0000 4.0000 0.0000 15.0000 4.0000 1.0000 13.8580 -1.7400 1.0000
4 16 11.3140 -7.3140 0.0000 14.7820 -2.1230 0.0000 13.8580 -1.7400 1.0000 10.6070 -6.6070 1.0000
3 16 10.6070 -6.6070 1.0000 4.3010 -11.0000 1.0000 11.3140 -7.3140 0.0000
3 16 11.3140 -7.3140 0.0000 4.3010 -11.0000 1.0000 5.5000 -11.0000 0.0000
2 24 4.3010 -11.0000 1.0000 10.6070 -6.6070 1.0000
2 24 10.6070 -6.6070 1.0000 13.8580 -1.7400 1.0000
2 24 13.8580 -1.7400 1.0000 15.0000 4.0000 1.0000
5 24 14.7820 -2.1230 0.0000 13.8580 -1.7400 -1.0000 11.3140 -7.3140 0.0000 16.0000 4.0000 0.0000
5 24 14.7820 -2.1230 0.0000 13.8580 -1.7400 1.0000 11.3140 -7.3140 0.0000 16.0000 4.0000 0.0000
5 24 11.3140 -7.3140 0.0000 10.6070 -6.6070 1.0000 5.5000 -11.0000 0.0000 14.7820 -2.1230 0.0000
2 24 3.7480 -11.0000 -2.3340 8.2070 -6.6070 -6.7930
2 24 8.2070 -6.6070 -6.7930 10.5060 -1.7400 -9.0920
2 24 10.5060 -1.7400 -9.0920 11.3140 4.0000 -9.8990
3 16 8.2070 -6.6070 -6.7930 3.7480 -11.0000 -2.3340 8.0000 -7.3140 -8.0000
3 16 8.0000 -7.3140 -8.0000 3.7480 -11.0000 -2.3340 3.8890 -11.0000 -3.8890
4 16 8.0000 -7.3140 -8.0000 10.4520 -2.1230 -10.4520 10.5060 -1.7400 -9.0920 8.2070 -6.6070 -6.7930
4 16 10.4520 -2.1230 -10.4520 11.3140 4.0000 -11.3140 11.3140 4.0000 -9.8990 10.5060 -1.7400 -9.0920
3 16 3.7480 -11.0000 -2.3340 3.1820 -11.0000 -3.1820 3.8890 -11.0000 -3.8890
2 24 3.8890 -11.0000 -3.8890 3.7480 -11.0000 -2.3340
2 24 11.3140 4.0000 -11.3140 11.3140 4.0000 -9.8990
5 24 8.0000 -7.3140 -8.0000 10.4520 -2.1230 -10.4520 10.5060 -1.7400 -9.0920 9.0920 -1.7400 -10.5060
5 24 10.4520 -2.1230 -10.4520 11.3140 4.0000 -11.3140 11.3140 4.0000 -9.8990 9.8990 4.0000 -11.3140
2 24 11.3140 4.0000 -11.3140 9.8990 4.0000 -11.3140
2 24 3.8890 -11.0000 -3.8890 2.3340 -11.0000 -3.7480
3 16 3.8890 -11.0000 -3.8890 3.1820 -11.0000 -3.1820 2.3340 -11.0000 -3.7480
4 16 9.0920 -1.7400 -10.5060 9.8990 4.0000 -11.3140 11.3140 4.0000 -11.3140 10.4520 -2.1230 -10.4520
4 16 6.7930 -6.6070 -8.2070 9.0920 -1.7400 -10.5060 10.4520 -2.1230 -10.4520 8.0000 -7.3140 -8.0000
3 16 8.0000 -7.3140 -8.0000 3.8890 -11.0000 -3.8890 2.3340 -11.0000 -3.7480
3 16 2.3340 -11.0000 -3.7480 6.7930 -6.6070 -8.2070 8.0000 -7.3140 -8.0000
2 24 2.3340 -11.0000 -3.7480 6.7930 -6.6070 -8.2070
2 24 6.7930 -6.6070 -8.2070 9.0920 -1.7400 -10.5060
2 24 9.0920 -1.7400 -10.5060 9.8990 4.0000 -11.3140
5 24 8.0000 -7.3140 -8.0000 8.2070 -6.6070 -6.7930 3.8890 -11.0000 -3.8890 10.4520 -2.1230 -10.4520
5 24 10.4520 -2.1230 -10.4520 10.5060 -1.7400 -9.0920 8.0000 -7.3140 -8.0000 11.3140 4.0000 -11.3140
5 24 10.4520 -2.1230 -10.4520 9.0920 -1.7400 -10.5060 8.0000 -7.3140 -8.0000 11.3140 4.0000 -11.3140
2 24 -1.0000 -11.0000 -4.3010 -1.0000 -6.6070 -10.6070
2 24 -1.0000 -6.6070 -10.6070 -1.0000 -1.7400 -13.8580
2 24 -1.0000 -1.7400 -13.8580 -1.0000 4.0000 -15.0000
3 16 0.0000 -7.3140 -11.3140 0.0000 -11.0000 -5.5000 -1.0000 -11.0000 -4.3010
3 16 -1.0000 -11.0000 -4.3010 -1.0000 -6.6070 -10.6070 0.0000 -7.3140 -11.3140
4 16 -1.0000 -6.6070 -10.6070 -1.0000 -1.7400 -13.8580 0.0000 -2.1230 -14.7820 0.0000 -7.3140 -11.3140
4 16 -1.0000 -1.7400 -13.8580 -1.0000 4.0000 -15.0000 0.0000 4.0000 -16.0000 0.0000 -2.1230 -14.7820
3 16 0.0000 -11.0000 -5.5000 0.0000 -11.0000 -4.5000 -1.0000 -11.0000 -4.3010
2 24 0.0000 -11.0000 -5.5000 -1.0000 -11.0000 -4.3010
2 24 0.0000 4.0000 -16.0000 -1.0000 4.0000 -15.0000
5 24 0.0000 -7.3140 -11.3140 0.0000 -2.1230 -14.7820 -1.0000 -1.7400 -13.8580 1.0000 -1.7400 -13.8580
5 24 0.0000 -2.1230 -14.7820 0.0000 4.0000 -16.0000 -1.0000 4.0000 -15.0000 1.0000 4.0000 -15.0000
2 24 0.0000 4.0000 -16.0000 1.0000 4.0000 -15.0000
2 24 0.0000 -11.0000 -5.5000 1.0000 -11.0000 -4.3010
3 16 1.0000 -11.0000 -4.3010 0.0000 -11.0000 -4.5000 0.0000 -11.0000 -5.5000
4 16 0.0000 -2.1230 -14.7820 0.0000 4.0000 -16.0000 1.0000 4.0000 -15.0000 1.0000 -1.7400 -13.8580
4 16 0.0000 -7.3140 -11.3140 0.0000 -2.1230 -14.7820 1.0000 -1.7400 -13.8580 1.0000 -6.6070 -10.6070
3 16 1.0000 -6.6070 -10.6070 1.0000 -11.0000 -4.3010 0.0000 -7.3140 -11.3140
3 16 0.0000 -7.3140 -11.3140 1.0000 -11.0000 -4.3010 0.0000 -11.0000 -5.5000
2 24 1.0000 -11.0000 -4.3010 1.0000 -6.6070 -10.6070
2 24 1.0000 -6.6070 -10.6070 1.0000 -1.7400 -13.8580
2 24 1.0000 -1.7400 -13.8580 1.0000 4.0000 -15.0000
5 24 0.0000 -2.1230 -14.7820 -1.0000 -1.7400 -13.8580 0.0000 -7.3140 -11.3140 0.0000 4.0000 -16.0000
5 24 0.0000 -2.1230 -14.7820 1.0000 -1.7400 -13.8580 0.0000 -7.3140 -11.3140 0.0000 4.0000 -16.0000
5 24 0.0000 -7.3140 -11.3140 1.0000 -6.6070 -10.6070 0.0000 -11.0000 -5.5000 0.0000 -2.1230 -14.7820
2 24 -3.7480 -11.0000 -2.3340 -8.2070 -6.6070 -6.7930
2 24 -8.2070 -6.6070 -6.7930 -10.5060 -1.7400 -9.0920
2 24 -10.5060 -1.7400 -9.0920 -11.3140 4.0000 -9.8990
3 16 -8.0000 -7.3140 -8.0000 -3.8890 -11.0000 -3.8890 -3.7480 -11.0000 -2.3340
3 16 -3.7480 -11.0000 -2.3340 -8.2070 -6.6070 -6.7930 -8.0000 -7.3140 -8.0000
4 16 -8.2070 -6.6070 -6.7930 -10.5060 -1.7400 -9.0920 -10.4520 -2.1230 -10.4520 -8.0000 -7.3140 -8.0000
4 16 -11.3140 4.0000 -11.3140 -10.4520 -2.1230 -10.4520 -10.5060 -1.7400 -9.0920 -11.3140 4.0000 -9.8990
3 16 -3.8890 -11.0000 -3.8890 -3.1820 -11.0000 -3.1820 -3.7480 -11.0000 -2.3340
2 24 -3.8890 -11.0000 -3.8890 -3.7480 -11.0000 -2.3340
2 24 -11.3140 4.0000 -11.3140 -11.3140 4.0000 -9.8990
5 24 -8.0000 -7.3140 -8.0000 -10.4520 -2.1230 -10.4520 -10.5060 -1.7400 -9.0920 -9.0920 -1.7400 -10.5060
5 24 -10.4520 -2.1230 -10.4520 -11.3140 4.0000 -11.3140 -11.3140 4.0000 -9.8990 -9.8990 4.0000 -11.3140
2 24 -11.3140 4.0000 -11.3140 -9.8990 4.0000 -11.3140
2 24 -3.8890 -11.0000 -3.8890 -2.3340 -11.0000 -3.7480
3 16 -2.3340 -11.0000 -3.7480 -3.1820 -11.0000 -3.1820 -3.8890 -11.0000 -3.8890
4 16 -10.4520 -2.1230 -10.4520 -11.3140 4.0000 -11.3140 -9.8990 4.0000 -11.3140 -9.0920 -1.7400 -10.5060
4 16 -8.0000 -7.3140 -8.0000 -10.4520 -2.1230 -10.4520 -9.0920 -1.7400 -10.5060 -6.7930 -6.6070 -8.2070
3 16 -6.7930 -6.6070 -8.2070 -2.3340 -11.0000 -3.7480 -8.0000 -7.3140 -8.0000
3 16 -8.0000 -7.3140 -8.0000 -2.3340 -11.0000 -3.7480 -3.8890 -11.0000 -3.8890
2 24 -2.3340 -11.0000 -3.7480 -6.7930 -6.6070 -8.2070
2 24 -6.7930 -6.6070 -8.2070 -9.0920 -1.7400 -10.5060
2 24 -9.0920 -1.7400 -10.5060 -9.8990 4.0000 -11.3140
5 24 -10.4520 -2.1230 -10.4520 -10.5060 -1.7400 -9.0920 -8.0000 -7.3140 -8.0000 -11.3140 4.0000 -11.3140
5 24 -10.4520 -2.1230 -10.4520 -9.0920 -1.7400 -10.5060 -8.0000 -7.3140 -8.0000 -11.3140 4.0000 -11.3140
5 24 -8.0000 -7.3140 -8.0000 -6.7930 -6.6070 -8.2070 -3.8890 -11.0000 -3.8890 -10.4520 -2.1230 -10.4520
2 24 -4.3010 -11.0000 -1.0000 -10.6070 -6.6070 -1.0000
2 24 -10.6070 -6.6070 -1.0000 -13.8580 -1.7400 -1.0000
2 24 -13.8580 -1.7400 -1.0000 -15.0000 4.0000 -1.0000
3 16 -10.6070 -6.6070 -1.0000 -4.3010 -11.0000 -1.0000 -11.3140 -7.3140 0.0000
3 16 -11.3140 -7.3140 0.0000 -4.3010 -11.0000 -1.0000 -5.5000 -11.0000 0.0000
4 16 -11.3140 -7.3140 0.0000 -14.7820 -2.1230 0.0000 -13.8580 -1.7400 -1.0000 -10.6070 -6.6070 -1.0000
4 16 -14.7820 -2.1230 0.0000 -16.0000 4.0000 0.0000 -15.0000 4.0000 -1.0000 -13.8580 -1.7400 -1.0000
3 16 -4.3010 -11.0000 -1.0000 -4.5000 -11.0000 0.0000 -5.5000 -11.0000 0.0000
2 24 -5.5000 -11.0000 0.0000 -4.3010 -11.0000 -1.0000
2 24 -16.0000 4.0000 0.0000 -15.0000 4.0000 -1.0000
5 24 -11.3140 -7.3140 0.0000 -14.7820 -2.1230 0.0000 -13.8580 -1.7400 -1.0000 -13.8580 -1.7400 1.0000
5 24 -14.7820 -2.1230 0.0000 -16.0000 4.0000 0.0000 -15.0000 4.0000 -1.0000 -15.0000 4.0000 1.0000
2 24 -16.0000 4.0000 0.0000 -15.0000 4.0000 1.0000
2 24 -5.5000 -11.0000 0.0000 -4.3010 -11.0000 1.0000
3 16 -5.5000 -11.0000 0.0000 -4.5000 -11.0000 0.0000 -4.3010 -11.0000 1.0000
4 16 -16.0000 4.0000 0.0000 -14.7820 -2.1230 0.0000 -13.8580 -1.7400 1.0000 -15.0000 4.0000 1.0000
4 16 -10.6070 -6.6070 1.0000 -13.8580 -1.7400 1.0000 -14.7820 -2.1230 0.0000 -11.3140 -7.3140 0.0000
3 16 -11.3140 -7.3140 0.0000 -5.5000 -11.0000 0.0000 -4.3010 -11.0000 1.0000
3 16 -4.3010 -11.0000 1.0000 -10.6070 -6.6070 1.0000 -11.3140 -7.3140 0.0000
2 24 -4.3010 -11.0000 1.0000 -10.6070 -6.6070 1.0000
2 24 -10.6070 -6.6070 1.0000 -13.8580 -1.7400 1.0000
2 24 -13.8580 -1.7400 1.0000 -15.0000 4.0000 1.0000
5 24 -11.3140 -7.3140 0.0000 -10.6070 -6.6070 -1.0000 -5.5000 -11.0000 0.0000 -14.7820 -2.1230 0.0000
5 24 -14.7820 -2.1230 0.0000 -13.8580 -1.7400 -1.0000 -11.3140 -7.3140 0.0000 -16.0000 4.0000 0.0000
5 24 -14.7820 -2.1230 0.0000 -13.8580 -1.7400 1.0000 -11.3140 -7.3140 0.0000 -16.0000 4.0000 0.0000
2 24 -3.7480 -11.0000 2.3340 -8.2070 -6.6070 6.7930
2 24 -8.2070 -6.6070 6.7930 -10.5060 -1.7400 9.0920
2 24 -10.5060 -1.7400 9.0920 -11.3140 4.0000 9.8990
3 16 -8.2070 -6.6070 6.7930 -3.7480 -11.0000 2.3340 -8.0000 -7.3140 8.0000
3 16 -8.0000 -7.3140 8.0000 -3.7480 -11.0000 2.3340 -3.8890 -11.0000 3.8890
4 16 -8.0000 -7.3140 8.0000 -10.4520 -2.1230 10.4520 -10.5060 -1.7400 9.0920 -8.2070 -6.6070 6.7930
4 16 -10.4520 -2.1230 10.4520 -11.3140 4.0000 11.3140 -11.3140 4.0000 9.8990 -10.5060 -1.7400 9.0920
3 16 -3.7480 -11.0000 2.3340 -3.1820 -11.0000 3.1820 -3.8890 -11.0000 3.8890
2 24 -3.8890 -11.0000 3.8890 -3.7480 -11.0000 2.3340
2 24 -11.3140 4.0000 11.3140 -11.3140 4.0000 9.8990
5 24 -8.0000 -7.3140 8.0000 -10.4520 -2.1230 10.4520 -10.5060 -1.7400 9.0920 -9.0920 -1.7400 10.5060
5 24 -10.4520 -2.1230 10.4520 -11.3140 4.0000 11.3140 -11.3140 4.0000 9.8990 -9.8990 4.0000 11.3140
2 24 -11.3140 4.0000 11.3140 -9.8990 4.0000 11.3140
2 24 -3.8890 -11.0000 3.8890 -2.3340 -11.0000 3.7480
3 16 -3.8890 -11.0000 3.8890 -3.1820 -11.0000 3.1820 -2.3340 -11.0000 3.7480
4 16 -11.3140 4.0000 11.3140 -10.4520 -2.1230 10.4520 -9.0920 -1.7400 10.5060 -9.8990 4.0000 11.3140
4 16 -6.7930 -6.6070 8.2070 -9.0920 -1.7400 10.5060 -10.4520 -2.1230 10.4520 -8.0000 -7.3140 8.0000
3 16 -8.0000 -7.3140 8.0000 -3.8890 -11.0000 3.8890 -2.3340 -11.0000 3.7480
3 16 -2.3340 -11.0000 3.7480 -6.7930 -6.6070 8.2070 -8.0000 -7.3140 8.0000
2 24 -2.3340 -11.0000 3.7480 -6.7930 -6.6070 8.2070
2 24 -6.7930 -6.6070 8.2070 -9.0920 -1.7400 10.5060
2 24 -9.0920 -1.7400 10.5060 -9.8990 4.0000 11.3140
5 24 -8.0000 -7.3140 8.0000 -8.2070 -6.6070 6.7930 -3.8890 -11.0000 3.8890 -10.4520 -2.1230 10.4520
5 24 -10.4520 -2.1230 10.4520 -10.5060 -1.7400 9.0920 -8.0000 -7.3140 8.0000 -11.3140 4.0000 11.3140
5 24 -10.4520 -2.1230 10.4520 -9.0920 -1.7400 10.5060 -8.0000 -7.3140 8.0000 -11.3140 4.0000 11.3140
2 24 1.7220 -11.0000 4.1570 1.0000 -11.0000 4.3010
4 16 4.0770 -6.6070 9.8430 1.0000 -6.6070 10.6070 1.0000 -11.0000 4.3010 1.7220 -11.0000 4.1570
5 24 1.0000 -6.6070 10.6070 4.0770 -6.6070 9.8430 1.7220 -11.0000 4.1570 5.3170 -1.7400 12.8360
4 16 5.3170 -1.7400 12.8360 1.0000 -1.7400 13.8580 1.0000 -6.6070 10.6070 4.0770 -6.6070 9.8430
5 24 1.0000 -1.7400 13.8580 5.3170 -1.7400 12.8360 4.0770 -6.6070 9.8430 5.7400 4.0000 13.8580
4 16 5.7400 4.0000 13.8580 1.0000 4.0000 15.0000 1.0000 -1.7400 13.8580 5.3170 -1.7400 12.8360
2 24 1.0000 4.0000 15.0000 5.7400 4.0000 13.8580
5 24 1.7220 -11.0000 4.1570 4.0770 -6.6070 9.8430 1.0000 -6.6070 10.6070 6.7930 -6.6070 8.2070
5 24 4.0770 -6.6070 9.8430 5.3170 -1.7400 12.8360 1.0000 -1.7400 13.8580 9.0920 -1.7400 10.5060
5 24 5.3170 -1.7400 12.8360 5.7400 4.0000 13.8580 1.0000 4.0000 15.0000 9.8990 4.0000 11.3140
2 24 5.7400 4.0000 13.8580 9.8990 4.0000 11.3140
4 16 5.3170 -1.7400 12.8360 9.0920 -1.7400 10.5060 9.8990 4.0000 11.3140 5.7400 4.0000 13.8580
5 24 9.0920 -1.7400 10.5060 5.3170 -1.7400 12.8360 4.0770 -6.6070 9.8430 5.7400 4.0000 13.8580
4 16 4.0770 -6.6070 9.8430 6.7930 -6.6070 8.2070 9.0920 -1.7400 10.5060 5.3170 -1.7400 12.8360
5 24 6.7930 -6.6070 8.2070 4.0770 -6.6070 9.8430 1.7220 -11.0000 4.1570 5.3170 -1.7400 12.8360
4 16 1.7220 -11.0000 4.1570 2.3340 -11.0000 3.7480 6.7930 -6.6070 8.2070 4.0770 -6.6070 9.8430
2 24 1.7220 -11.0000 4.1570 2.3340 -11.0000 3.7480
2 24 -1.7220 -11.0000 4.1570 -1.0000 -11.0000 4.3010
4 16 -1.7220 -11.0000 4.1570 -1.0000 -11.0000 4.3010 -1.0000 -6.6070 10.6070 -4.0770 -6.6070 9.8430
5 24 -1.0000 -6.6070 10.6070 -4.0770 -6.6070 9.8430 -1.7220 -11.0000 4.1570 -5.3170 -1.7400 12.8360
4 16 -4.0770 -6.6070 9.8430 -1.0000 -6.6070 10.6070 -1.0000 -1.7400 13.8580 -5.3170 -1.7400 12.8360
5 24 -1.0000 -1.7400 13.8580 -5.3170 -1.7400 12.8360 -4.0770 -6.6070 9.8430 -5.7400 4.0000 13.8580
4 16 -5.3170 -1.7400 12.8360 -1.0000 -1.7400 13.8580 -1.0000 4.0000 15.0000 -5.7400 4.0000 13.8580
2 24 -1.0000 4.0000 15.0000 -5.7400 4.0000 13.8580
5 24 -1.7220 -11.0000 4.1570 -4.0770 -6.6070 9.8430 -1.0000 -6.6070 10.6070 -6.7930 -6.6070 8.2070
5 24 -4.0770 -6.6070 9.8430 -5.3170 -1.7400 12.8360 -1.0000 -1.7400 13.8580 -9.0920 -1.7400 10.5060
5 24 -5.3170 -1.7400 12.8360 -5.7400 4.0000 13.8580 -1.0000 4.0000 15.0000 -9.8990 4.0000 11.3140
2 24 -5.7400 4.0000 13.8580 -9.8990 4.0000 11.3140
4 16 -5.7400 4.0000 13.8580 -9.8990 4.0000 11.3140 -9.0920 -1.7400 10.5060 -5.3170 -1.7400 12.8360
5 24 -9.0920 -1.7400 10.5060 -5.3170 -1.7400 12.8360 -4.0770 -6.6070 9.8430 -5.7400 4.0000 13.8580
4 16 -5.3170 -1.7400 12.8360 -9.0920 -1.7400 10.5060 -6.7930 -6.6070 8.2070 -4.0770 -6.6070 9.8430
5 24 -6.7930 -6.6070 8.2070 -4.0770 -6.6070 9.8430 -1.7220 -11.0000 4.1570 -5.3170 -1.7400 12.8360
4 16 -4.0770 -6.6070 9.8430 -6.7930 -6.6070 8.2070 -2.3340 -11.0000 3.7480 -1.7220 -11.0000 4.1570
2 24 -1.7220 -11.0000 4.1570 -2.3340 -11.0000 3.7480
2 24 1.7220 -11.0000 -4.1570 1.0000 -11.0000 -4.3010
4 16 1.7220 -11.0000 -4.1570 1.0000 -11.0000 -4.3010 1.0000 -6.6070 -10.6070 4.0770 -6.6070 -9.8430
5 24 1.0000 -6.6070 -10.6070 4.0770 -6.6070 -9.8430 1.7220 -11.0000 -4.1570 5.3170 -1.7400 -12.8360
4 16 4.0770 -6.6070 -9.8430 1.0000 -6.6070 -10.6070 1.0000 -1.7400 -13.8580 5.3170 -1.7400 -12.8360
5 24 1.0000 -1.7400 -13.8580 5.3170 -1.7400 -12.8360 4.0770 -6.6070 -9.8430 5.7400 4.0000 -13.8580
4 16 5.3170 -1.7400 -12.8360 1.0000 -1.7400 -13.8580 1.0000 4.0000 -15.0000 5.7400 4.0000 -13.8580
2 24 1.0000 4.0000 -15.0000 5.7400 4.0000 -13.8580
5 24 1.7220 -11.0000 -4.1570 4.0770 -6.6070 -9.8430 1.0000 -6.6070 -10.6070 6.7930 -6.6070 -8.2070
5 24 4.0770 -6.6070 -9.8430 5.3170 -1.7400 -12.8360 1.0000 -1.7400 -13.8580 9.0920 -1.7400 -10.5060
5 24 5.3170 -1.7400 -12.8360 5.7400 4.0000 -13.8580 1.0000 4.0000 -15.0000 9.8990 4.0000 -11.3140
2 24 5.7400 4.0000 -13.8580 9.8990 4.0000 -11.3140
4 16 5.7400 4.0000 -13.8580 9.8990 4.0000 -11.3140 9.0920 -1.7400 -10.5060 5.3170 -1.7400 -12.8360
5 24 9.0920 -1.7400 -10.5060 5.3170 -1.7400 -12.8360 4.0770 -6.6070 -9.8430 5.7400 4.0000 -13.8580
4 16 5.3170 -1.7400 -12.8360 9.0920 -1.7400 -10.5060 6.7930 -6.6070 -8.2070 4.0770 -6.6070 -9.8430
5 24 6.7930 -6.6070 -8.2070 4.0770 -6.6070 -9.8430 1.7220 -11.0000 -4.1570 5.3170 -1.7400 -12.8360
4 16 4.0770 -6.6070 -9.8430 6.7930 -6.6070 -8.2070 2.3340 -11.0000 -3.7480 1.7220 -11.0000 -4.1570
2 24 1.7220 -11.0000 -4.1570 2.3340 -11.0000 -3.7480
2 24 -1.7220 -11.0000 -4.1570 -1.0000 -11.0000 -4.3010
4 16 -4.0770 -6.6070 -9.8430 -1.0000 -6.6070 -10.6070 -1.0000 -11.0000 -4.3010 -1.7220 -11.0000 -4.1570
5 24 -1.0000 -6.6070 -10.6070 -4.0770 -6.6070 -9.8430 -1.7220 -11.0000 -4.1570 -5.3170 -1.7400 -12.8360
4 16 -5.3170 -1.7400 -12.8360 -1.0000 -1.7400 -13.8580 -1.0000 -6.6070 -10.6070 -4.0770 -6.6070 -9.8430
5 24 -1.0000 -1.7400 -13.8580 -5.3170 -1.7400 -12.8360 -4.0770 -6.6070 -9.8430 -5.7400 4.0000 -13.8580
4 16 -5.7400 4.0000 -13.8580 -1.0000 4.0000 -15.0000 -1.0000 -1.7400 -13.8580 -5.3170 -1.7400 -12.8360
2 24 -1.0000 4.0000 -15.0000 -5.7400 4.0000 -13.8580
5 24 -1.7220 -11.0000 -4.1570 -4.0770 -6.6070 -9.8430 -1.0000 -6.6070 -10.6070 -6.7930 -6.6070 -8.2070
5 24 -4.0770 -6.6070 -9.8430 -5.3170 -1.7400 -12.8360 -1.0000 -1.7400 -13.8580 -9.0920 -1.7400 -10.5060
5 24 -5.3170 -1.7400 -12.8360 -5.7400 4.0000 -13.8580 -1.0000 4.0000 -15.0000 -9.8990 4.0000 -11.3140
2 24 -5.7400 4.0000 -13.8580 -9.8990 4.0000 -11.3140
4 16 -5.3170 -1.7400 -12.8360 -9.0920 -1.7400 -10.5060 -9.8990 4.0000 -11.3140 -5.7400 4.0000 -13.8580
5 24 -9.0920 -1.7400 -10.5060 -5.3170 -1.7400 -12.8360 -4.0770 -6.6070 -9.8430 -5.7400 4.0000 -13.8580
4 16 -4.0770 -6.6070 -9.8430 -6.7930 -6.6070 -8.2070 -9.0920 -1.7400 -10.5060 -5.3170 -1.7400 -12.8360
5 24 -6.7930 -6.6070 -8.2070 -4.0770 -6.6070 -9.8430 -1.7220 -11.0000 -4.1570 -5.3170 -1.7400 -12.8360
4 16 -1.7220 -11.0000 -4.1570 -2.3340 -11.0000 -3.7480 -6.7930 -6.6070 -8.2070 -4.0770 -6.6070 -9.8430
2 24 -1.7220 -11.0000 -4.1570 -2.3340 -11.0000 -3.7480
2 24 4.1570 -11.0000 1.7220 4.3010 -11.0000 1.0000
4 16 4.1570 -11.0000 1.7220 4.3010 -11.0000 1.0000 10.6070 -6.6070 1.0000 9.8430 -6.6070 4.0770
5 24 10.6070 -6.6070 1.0000 9.8430 -6.6070 4.0770 4.1570 -11.0000 1.7220 12.8360 -1.7400 5.3170
4 16 9.8430 -6.6070 4.0770 10.6070 -6.6070 1.0000 13.8580 -1.7400 1.0000 12.8360 -1.7400 5.3170
5 24 13.8580 -1.7400 1.0000 12.8360 -1.7400 5.3170 9.8430 -6.6070 4.0770 13.8580 4.0000 5.7400
4 16 12.8360 -1.7400 5.3170 13.8580 -1.7400 1.0000 15.0000 4.0000 1.0000 13.8580 4.0000 5.7400
2 24 15.0000 4.0000 1.0000 13.8580 4.0000 5.7400
5 24 4.1570 -11.0000 1.7220 9.8430 -6.6070 4.0770 10.6070 -6.6070 1.0000 8.2070 -6.6070 6.7930
5 24 9.8430 -6.6070 4.0770 12.8360 -1.7400 5.3170 13.8580 -1.7400 1.0000 10.5060 -1.7400 9.0920
5 24 12.8360 -1.7400 5.3170 13.8580 4.0000 5.7400 15.0000 4.0000 1.0000 11.3140 4.0000 9.8990
2 24 13.8580 4.0000 5.7400 11.3140 4.0000 9.8990
4 16 13.8580 4.0000 5.7400 11.3140 4.0000 9.8990 10.5060 -1.7400 9.0920 12.8360 -1.7400 5.3170
5 24 10.5060 -1.7400 9.0920 12.8360 -1.7400 5.3170 9.8430 -6.6070 4.0770 13.8580 4.0000 5.7400
4 16 12.8360 -1.7400 5.3170 10.5060 -1.7400 9.0920 8.2070 -6.6070 6.7930 9.8430 -6.6070 4.0770
5 24 8.2070 -6.6070 6.7930 9.8430 -6.6070 4.0770 4.1570 -11.0000 1.7220 12.8360 -1.7400 5.3170
4 16 9.8430 -6.6070 4.0770 8.2070 -6.6070 6.7930 3.7480 -11.0000 2.3340 4.1570 -11.0000 1.7220
2 24 4.1570 -11.0000 1.7220 3.7480 -11.0000 2.3340
2 24 -4.1570 -11.0000 1.7220 -4.3010 -11.0000 1.0000
4 16 -9.8430 -6.6070 4.0770 -10.6070 -6.6070 1.0000 -4.3010 -11.0000 1.0000 -4.1570 -11.0000 1.7220
5 24 -10.6070 -6.6070 1.0000 -9.8430 -6.6070 4.0770 -4.1570 -11.0000 1.7220 -12.8360 -1.7400 5.3170
4 16 -12.8360 -1.7400 5.3170 -13.8580 -1.7400 1.0000 -10.6070 -6.6070 1.0000 -9.8430 -6.6070 4.0770
5 24 -13.8580 -1.7400 1.0000 -12.8360 -1.7400 5.3170 -9.8430 -6.6070 4.0770 -13.8580 4.0000 5.7400
4 16 -13.8580 4.0000 5.7400 -15.0000 4.0000 1.0000 -13.8580 -1.7400 1.0000 -12.8360 -1.7400 5.3170
2 24 -15.0000 4.0000 1.0000 -13.8580 4.0000 5.7400
5 24 -4.1570 -11.0000 1.7220 -9.8430 -6.6070 4.0770 -10.6070 -6.6070 1.0000 -8.2070 -6.6070 6.7930
5 24 -9.8430 -6.6070 4.0770 -12.8360 -1.7400 5.3170 -13.8580 -1.7400 1.0000 -10.5060 -1.7400 9.0920
5 24 -12.8360 -1.7400 5.3170 -13.8580 4.0000 5.7400 -15.0000 4.0000 1.0000 -11.3140 4.0000 9.8990
2 24 -13.8580 4.0000 5.7400 -11.3140 4.0000 9.8990
4 16 -12.8360 -1.7400 5.3170 -10.5060 -1.7400 9.0920 -11.3140 4.0000 9.8990 -13.8580 4.0000 5.7400
5 24 -10.5060 -1.7400 9.0920 -12.8360 -1.7400 5.3170 -9.8430 -6.6070 4.0770 -13.8580 4.0000 5.7400
4 16 -9.8430 -6.6070 4.0770 -8.2070 -6.6070 6.7930 -10.5060 -1.7400 9.0920 -12.8360 -1.7400 5.3170
5 24 -8.2070 -6.6070 6.7930 -9.8430 -6.6070 4.0770 -4.1570 -11.0000 1.7220 -12.8360 -1.7400 5.3170
4 16 -4.1570 -11.0000 1.7220 -3.7480 -11.0000 2.3340 -8.2070 -6.6070 6.7930 -9.8430 -6.6070 4.0770
2 24 -4.1570 -11.0000 1.7220 -3.7480 -11.0000 2.3340
2 24 4.1570 -11.0000 -1.7220 4.3010 -11.0000 -1.0000
4 16 9.8430 -6.6070 -4.0770 10.6070 -6.6070 -1.0000 4.3010 -11.0000 -1.0000 4.1570 -11.0000 -1.7220
5 24 10.6070 -6.6070 -1.0000 9.8430 -6.6070 -4.0770 4.1570 -11.0000 -1.7220 12.8360 -1.7400 -5.3170
4 16 12.8360 -1.7400 -5.3170 13.8580 -1.7400 -1.0000 10.6070 -6.6070 -1.0000 9.8430 -6.6070 -4.0770
5 24 13.8580 -1.7400 -1.0000 12.8360 -1.7400 -5.3170 9.8430 -6.6070 -4.0770 13.8580 4.0000 -5.7400
4 16 13.8580 4.0000 -5.7400 15.0000 4.0000 -1.0000 13.8580 -1.7400 -1.0000 12.8360 -1.7400 -5.3170
2 24 15.0000 4.0000 -1.0000 13.8580 4.0000 -5.7400
5 24 4.1570 -11.0000 -1.7220 9.8430 -6.6070 -4.0770 10.6070 -6.6070 -1.0000 8.2070 -6.6070 -6.7930
5 24 9.8430 -6.6070 -4.0770 12.8360 -1.7400 -5.3170 13.8580 -1.7400 -1.0000 10.5060 -1.7400 -9.0920
5 24 12.8360 -1.7400 -5.3170 13.8580 4.0000 -5.7400 15.0000 4.0000 -1.0000 11.3140 4.0000 -9.8990
2 24 13.8580 4.0000 -5.7400 11.3140 4.0000 -9.8990
4 16 12.8360 -1.7400 -5.3170 10.5060 -1.7400 -9.0920 11.3140 4.0000 -9.8990 13.8580 4.0000 -5.7400
5 24 10.5060 -1.7400 -9.0920 12.8360 -1.7400 -5.3170 9.8430 -6.6070 -4.0770 13.8580 4.0000 -5.7400
4 16 9.8430 -6.6070 -4.0770 8.2070 -6.6070 -6.7930 10.5060 -1.7400 -9.0920 12.8360 -1.7400 -5.3170
5 24 8.2070 -6.6070 -6.7930 9.8430 -6.6070 -4.0770 4.1570 -11.0000 -1.7220 12.8360 -1.7400 -5.3170
4 16 4.1570 -11.0000 -1.7220 3.7480 -11.0000 -2.3340 8.2070 -6.6070 -6.7930 9.8430 -6.6070 -4.0770
2 24 4.1570 -11.0000 -1.7220 3.7480 -11.0000 -2.3340
2 24 -4.1570 -11.0000 -1.7220 -4.3010 -11.0000 -1.0000
4 16 -4.1570 -11.0000 -1.7220 -4.3010 -11.0000 -1.0000 -10.6070 -6.6070 -1.0000 -9.8430 -6.6070 -4.0770
5 24 -10.6070 -6.6070 -1.0000 -9.8430 -6.6070 -4.0770 -4.1570 -11.0000 -1.7220 -12.8360 -1.7400 -5.3170
4 16 -9.8430 -6.6070 -4.0770 -10.6070 -6.6070 -1.0000 -13.8580 -1.7400 -1.0000 -12.8360 -1.7400 -5.3170
5 24 -13.8580 -1.7400 -1.0000 -12.8360 -1.7400 -5.3170 -9.8430 -6.6070 -4.0770 -13.8580 4.0000 -5.7400
4 16 -12.8360 -1.7400 -5.3170 -13.8580 -1.7400 -1.0000 -15.0000 4.0000 -1.0000 -13.8580 4.0000 -5.7400
2 24 -15.0000 4.0000 -1.0000 -13.8580 4.0000 -5.7400
5 24 -4.1570 -11.0000 -1.7220 -9.8430 -6.6070 -4.0770 -10.6070 -6.6070 -1.0000 -8.2070 -6.6070 -6.7930
5 24 -9.8430 -6.6070 -4.0770 -12.8360 -1.7400 -5.3170 -13.8580 -1.7400 -1.0000 -10.5060 -1.7400 -9.0920
5 24 -12.8360 -1.7400 -5.3170 -13.8580 4.0000 -5.7400 -15.0000 4.0000 -1.0000 -11.3140 4.0000 -9.8990
2 24 -13.8580 4.0000 -5.7400 -11.3140 4.0000 -9.8990
4 16 -13.8580 4.0000 -5.7400 -11.3140 4.0000 -9.8990 -10.5060 -1.7400 -9.0920 -12.8360 -1.7400 -5.3170
5 24 -10.5060 -1.7400 -9.0920 -12.8360 -1.7400 -5.3170 -9.8430 -6.6070 -4.0770 -13.8580 4.0000 -5.7400
4 16 -12.8360 -1.7400 -5.3170 -10.5060 -1.7400 -9.0920 -8.2070 -6.6070 -6.7930 -9.8430 -6.6070 -4.0770
5 24 -8.2070 -6.6070 -6.7930 -9.8430 -6.6070 -4.0770 -4.1570 -11.0000 -1.7220 -12.8360 -1.7400 -5.3170
4 16 -9.8430 -6.6070 -4.0770 -8.2070 -6.6070 -6.7930 -3.7480 -11.0000 -2.3340 -4.1570 -11.0000 -1.7220
2 24 -4.1570 -11.0000 -1.7220 -3.7480 -11.0000 -2.3340
5 24 0.0000 -7.3140 11.3140 0.0000 -11.0000 5.5000 1.0000 -11.0000 4.3010 -1.0000 -11.0000 4.3010
5 24 1.0000 -6.6070 10.6070 0.0000 -7.3140 11.3140 1.0000 -11.0000 4.3010 1.0000 -1.7400 13.8580
5 24 0.0000 -7.3140 11.3140 1.0000 -11.0000 4.3010 0.0000 -11.0000 5.5000 1.0000 -6.6070 10.6070
5 24 8.0000 -7.3140 8.0000 3.8890 -11.0000 3.8890 3.7480 -11.0000 2.3340 2.3340 -11.0000 3.7480
5 24 8.2070 -6.6070 6.7930 8.0000 -7.3140 8.0000 3.7480 -11.0000 2.3340 10.5060 -1.7400 9.0920
5 24 8.0000 -7.3140 8.0000 3.7480 -11.0000 2.3340 3.8890 -11.0000 3.8890 8.2070 -6.6070 6.7930
5 24 11.3140 -7.3140 0.0000 5.5000 -11.0000 0.0000 4.3010 -11.0000 -1.0000 4.3010 -11.0000 1.0000
5 24 10.6070 -6.6070 -1.0000 11.3140 -7.3140 0.0000 4.3010 -11.0000 -1.0000 13.8580 -1.7400 -1.0000
5 24 11.3140 -7.3140 0.0000 4.3010 -11.0000 -1.0000 5.5000 -11.0000 0.0000 10.6070 -6.6070 -1.0000
5 24 8.0000 -7.3140 -8.0000 3.8890 -11.0000 -3.8890 2.3340 -11.0000 -3.7480 3.7480 -11.0000 -2.3340
5 24 6.7930 -6.6070 -8.2070 8.0000 -7.3140 -8.0000 2.3340 -11.0000 -3.7480 9.0920 -1.7400 -10.5060
5 24 8.0000 -7.3140 -8.0000 2.3340 -11.0000 -3.7480 3.8890 -11.0000 -3.8890 6.7930 -6.6070 -8.2070
5 24 0.0000 -7.3140 -11.3140 0.0000 -11.0000 -5.5000 -1.0000 -11.0000 -4.3010 1.0000 -11.0000 -4.3010
5 24 -1.0000 -6.6070 -10.6070 0.0000 -7.3140 -11.3140 -1.0000 -11.0000 -4.3010 -1.0000 -1.7400 -13.8580
5 24 0.0000 -7.3140 -11.3140 -1.0000 -11.0000 -4.3010 0.0000 -11.0000 -5.5000 -1.0000 -6.6070 -10.6070
5 24 -8.0000 -7.3140 -8.0000 -3.8890 -11.0000 -3.8890 -3.7480 -11.0000 -2.3340 -2.3340 -11.0000 -3.7480
5 24 -8.2070 -6.6070 -6.7930 -8.0000 -7.3140 -8.0000 -3.7480 -11.0000 -2.3340 -10.5060 -1.7400 -9.0920
5 24 -8.0000 -7.3140 -8.0000 -3.7480 -11.0000 -2.3340 -3.8890 -11.0000 -3.8890 -8.2070 -6.6070 -6.7930
5 24 -11.3140 -7.3140 0.0000 -5.5000 -11.0000 0.0000 -4.3010 -11.0000 1.0000 -4.3010 -11.0000 -1.0000
5 24 -10.6070 -6.6070 1.0000 -11.3140 -7.3140 0.0000 -4.3010 -11.0000 1.0000 -13.8580 -1.7400 1.0000
5 24 -11.3140 -7.3140 0.0000 -4.3010 -11.0000 1.0000 -5.5000 -11.0000 0.0000 -10.6070 -6.6070 1.0000
5 24 -8.0000 -7.3140 8.0000 -3.8890 -11.0000 3.8890 -2.3340 -11.0000 3.7480 -3.7480 -11.0000 2.3340
5 24 -6.7930 -6.6070 8.2070 -8.0000 -7.3140 8.0000 -2.3340 -11.0000 3.7480 -9.0920 -1.7400 10.5060
5 24 -8.0000 -7.3140 8.0000 -2.3340 -11.0000 3.7480 -3.8890 -11.0000 3.8890 -6.7930 -6.6070 8.2070
0 // Added lines/Condlines
5 24 12.0100 2.0000 4.9750 7.3910 -6.0000 3.0610 5.6570 -6.0000 5.6570 13.0000 2.0000 0.0000
5 24 5.6570 -6.0000 5.6570 9.1920 2.0000 9.1920 12.0100 2.0000 4.9750 3.0610 -6.0000 7.3910
5 24 3.0610 -6.0000 7.3910 4.9750 2.0000 12.0100 9.1920 2.0000 9.1920 0.0000 -6.0000 8.0000
5 24 0.0000 -6.0000 8.0000 0.0000 2.0000 13.0000 4.9750 2.0000 12.0100 -3.0610 -6.0000 7.3910
5 24 -3.0610 -6.0000 7.3910 -4.9750 2.0000 12.0100 0.0000 2.0000 13.0000 -5.6570 -6.0000 5.6570
5 24 -5.6570 -6.0000 5.6570 -9.1920 2.0000 9.1920 -4.9750 2.0000 12.0100 -7.3910 -6.0000 3.0610
5 24 -7.3910 -6.0000 3.0610 -12.0100 2.0000 4.9750 -9.1920 2.0000 9.1920 -8.0000 -6.0000 0.0000
5 24 -8.0000 -6.0000 0.0000 -13.0000 2.0000 0.0000 -12.0100 2.0000 4.9750 -7.3910 -6.0000 -3.0610
5 24 -7.3910 -6.0000 -3.0610 -12.0100 2.0000 -4.9750 -13.0000 2.0000 0.0000 -5.6570 -6.0000 -5.6570
5 24 -5.6570 -6.0000 -5.6570 -9.1920 2.0000 -9.1920 -12.0100 2.0000 -4.9750 -3.0610 -6.0000 -7.3910
5 24 -3.0610 -6.0000 -7.3910 -4.9750 2.0000 -12.0100 -9.1920 2.0000 -9.1920 0.0000 -6.0000 -8.0000
5 24 0.0000 -6.0000 -8.0000 0.0000 2.0000 -13.0000 -4.9750 2.0000 -12.0100 3.0610 -6.0000 -7.3910
5 24 3.0610 -6.0000 -7.3910 4.9750 2.0000 -12.0100 0.0000 2.0000 -13.0000 5.6570 -6.0000 -5.6570
5 24 5.6570 -6.0000 -5.6570 9.1920 2.0000 -9.1920 4.9750 2.0000 -12.0100 7.3910 -6.0000 -3.0620
5 24 7.3910 -6.0000 -3.0620 12.0100 2.0000 -4.9750 9.1920 2.0000 -9.1920 8.0000 -6.0000 0.0000
5 24 8.0000 -6.0000 0.0000 13.0000 2.0000 0.0000 12.0100 2.0000 -4.9750 7.3910 -6.0000 3.0610
5 24 -1.0000 -11.0000 4.3010 0.0000 -7.3140 11.3140 -1.0000 -6.6070 10.6070 0.0000 -11.0000 5.5000
5 24 2.3340 -11.0000 3.7480 8.0000 -7.3140 8.0000 6.7930 -6.6070 8.2070 3.8890 -11.0000 3.8890
5 24 4.3010 -11.0000 1.0000 11.3140 -7.3140 0.0000 10.6070 -6.6070 1.0000 5.5000 -11.0000 0.0000
5 24 3.7480 -11.0000 -2.3340 8.0000 -7.3140 -8.0000 8.2070 -6.6070 -6.7930 3.8890 -11.0000 -3.8890
5 24 1.0000 -11.0000 -4.3010 0.0000 -7.3140 -11.3140 1.0000 -6.6070 -10.6070 0.0000 -11.0000 -5.5000
5 24 -2.3340 -11.0000 -3.7480 -8.0000 -7.3140 -8.0000 -6.7930 -6.6070 -8.2070 -3.8890 -11.0000 -3.8890
5 24 -4.3010 -11.0000 -1.0000 -11.3140 -7.3140 0.0000 -10.6070 -6.6070 -1.0000 -5.5000 -11.0000 0.0000
5 24 -3.7480 -11.0000 2.3340 -8.0000 -7.3140 8.0000 -8.2070 -6.6070 6.7930 -3.8890 -11.0000 3.8890
5 24 1.7220 -11.0000 4.1570 4.0770 -6.6070 9.8430 1.0000 -6.6070 10.6070 2.3340 -11.0000 3.7480
5 24 -4.0770 -6.6070 9.8430 -1.7220 -11.0000 4.1570 -1.0000 -11.0000 4.3010 -6.7930 -6.6070 8.2070
5 24 4.0770 -6.6070 -9.8430 1.7220 -11.0000 -4.1570 1.0000 -11.0000 -4.3010 6.7930 -6.6070 -8.2070
5 24 -1.7220 -11.0000 -4.1570 -4.0770 -6.6070 -9.8430 -1.0000 -6.6070 -10.6070 -2.3340 -11.0000 -3.7480
5 24 9.8430 -6.6070 4.0770 4.1570 -11.0000 1.7220 4.3010 -11.0000 1.0000 8.2070 -6.6070 6.7930
5 24 -4.1570 -11.0000 1.7220 -9.8430 -6.6070 4.0770 -10.6070 -6.6070 1.0000 -3.7480 -11.0000 2.3340
5 24 4.1570 -11.0000 -1.7220 9.8430 -6.6070 -4.0770 10.6070 -6.6070 -1.0000 3.7480 -11.0000 -2.3340
5 24 -9.8430 -6.6070 -4.0770 -4.1570 -11.0000 -1.7220 -4.3010 -11.0000 -1.0000 -8.2070 -6.6070 -6.7930
0 //
1 16 0.000000 4.000000 -8.000000 12.934000 0.000000 -5.357999 -0.000001 2.000000 0.000000 -5.357999 0.000000 -12.934000 1-8chrd.dat
1 16 0.000000 4.000000 -8.000000 5.357068 0.000000 -12.934390 -0.000001 2.000000 0.000002 -12.934390 0.000000 -5.357068 1-8chrd.dat
1 16 0.000000 4.000000 -8.000000 -5.357972 0.000000 -12.934010 0.000001 2.000000 0.000002 -12.934010 0.000000 5.357972 1-8chrd.dat
4 16 -6.5060 4.0000 -15.7060 -12.0210 4.0000 -12.0210 -12.9340 4.0000 -13.3580 -5.3580 4.0000 -20.9340
4 16 12.0210 4.0000 -12.0210 6.5060 4.0000 -15.7060 5.3571 4.0000 -20.9344 12.9340 4.0000 -13.3580
3 16 0.0000 4.0000 -17.0000 -6.5060 4.0000 -15.7060 -5.3579 4.0000 -20.9339
3 16 6.5060 4.0000 -15.7060 0.0000 4.0000 -17.0000 5.3570 4.0000 -20.9343
3 16 0.0000 4.0000 -17.0000 -5.3579 4.0000 -20.9339 5.3570 4.0000 -20.9343
1 16 0.000000 4.000000 0.000000 -15.705950 0.000000 -6.505619 0.000002 2.000000 0.000002 6.505619 0.000000 -15.705950 1-8chrd.dat
1 16 0.000000 4.000000 0.000000 -6.505624 0.000001 -15.705950 0.000001 2.000000 0.000006 15.705950 0.000000 -6.505625 1-8chrd.dat
1 16 0.000000 4.000000 0.000000 6.505620 0.000001 -15.705950 -0.000001 2.000000 0.000005 15.705950 0.000000 6.505620 1-8chrd.dat
1 16 0.000000 4.000000 0.000000 15.705950 0.000000 -6.505620 -0.000002 2.000000 0.000004 6.505619 0.000000 15.705950 1-8chrd.dat
1 16 0.000000 4.000000 0.000000 15.705950 0.000000 6.505618 -0.000002 2.000000 0.000002 -6.505619 0.000000 15.705950 1-8chrd.dat
3 16 15.0000 4.0000 0.0000 13.8580 4.0000 -5.7400 15.7060 4.0000 -6.5060
3 16 10.6070 4.0000 10.6070 13.8580 4.0000 5.7400 15.7060 4.0000 6.5060
3 16 0.0000 4.0000 15.0000 5.7400 4.0000 13.8580 6.5060 4.0000 15.7050
3 16 -10.6070 4.0000 10.6070 -5.7400 4.0000 13.8580 -6.5046 4.0000 15.7054
3 16 -15.0000 4.0000 0.0000 -13.8580 4.0000 5.7400 -15.7050 4.0000 6.5060
3 16 -10.6070 4.0000 -10.6070 -13.8580 4.0000 -5.7400 -15.7054 4.0000 -6.5046
3 16 13.8580 4.0000 5.7400 15.0000 4.0000 0.0000 15.7054 4.0000 6.5046
3 16 15.0000 4.0000 0.0000 15.7050 4.0000 -6.5060 15.7054 4.0000 6.5046
3 16 10.6070 4.0000 10.6070 6.5060 4.0000 15.7050 5.7400 4.0000 13.8580
3 16 15.7060 4.0000 6.5060 6.5060 4.0000 15.7050 10.6070 4.0000 10.6070
3 16 0.0000 4.0000 15.0000 -6.5046 4.0000 15.7054 -5.7400 4.0000 13.8580
3 16 6.5056 4.0000 15.7058 -6.5046 4.0000 15.7054 0.0000 4.0000 15.0000
3 16 -10.6070 4.0000 10.6070 -15.7050 4.0000 6.5060 -13.8580 4.0000 5.7400
3 16 -6.5056 4.0000 15.7058 -15.7050 4.0000 6.5060 -10.6070 4.0000 10.6070
3 16 -15.0000 4.0000 0.0000 -15.7054 4.0000 -6.5046 -13.8580 4.0000 -5.7400
3 16 -15.7058 4.0000 6.5055 -15.7054 4.0000 -6.5046 -15.0000 4.0000 0.0000
3 16 -15.7060 4.0000 -6.5060 -12.0210 4.0000 -12.0210 -10.6070 4.0000 -10.6070
