0 FILE 49307.dat
0 Brick, Modified 1 x 1 x 2/3 No Studs, Curved Top 
0 Name:  49307.dat
0 Author:  
0 BFC CERTIFY CCW
3 16 6.000 0.000 -6.000 6.000 0.000 6.000 9.000 0.000 9.000
3 16 9.000 0.000 9.000 9.000 0.000 -9.000 6.000 0.000 -6.000
3 16 6.000 0.000 6.000 -6.000 0.000 6.000 -9.000 0.000 9.000
3 16 -9.000 0.000 9.000 9.000 0.000 9.000 6.000 0.000 6.000
3 16 -6.000 0.000 6.000 -6.000 0.000 -6.000 -9.000 0.000 -9.000
3 16 -9.000 0.000 -9.000 -9.000 0.000 9.000 -6.000 0.000 6.000
3 16 -6.000 0.000 -6.000 6.000 0.000 -6.000 9.000 0.000 -9.000
3 16 9.000 0.000 -9.000 -9.000 0.000 -9.000 -6.000 0.000 -6.000
3 16 9.000 -1.000 -9.000 9.000 -1.000 9.000 10.000 -1.000 10.000
3 16 10.000 -1.000 10.000 10.000 -1.000 -10.000 9.000 -1.000 -9.000
3 16 9.000 -1.000 9.000 -9.000 -1.000 9.000 -10.000 -1.000 10.000
3 16 -10.000 -1.000 10.000 10.000 -1.000 10.000 9.000 -1.000 9.000
3 16 -9.000 -1.000 9.000 -9.000 -1.000 -9.000 -10.000 -1.000 -10.000
3 16 -10.000 -1.000 -10.000 -10.000 -1.000 10.000 -9.000 -1.000 9.000
3 16 -9.000 -1.000 -9.000 9.000 -1.000 -9.000 10.000 -1.000 -10.000
3 16 10.000 -1.000 -10.000 -10.000 -1.000 -10.000 -9.000 -1.000 -9.000
1 16 0.0000 -1.0000 0.0000 0.0000 0.0000 10.0000 0.0000 -5.0000 0.0000 -10.0000 0.0000 0.0000 box4o4a.dat
0 BFC INVERTNEXT
1 16 0.0000 0.0000 0.0000 0.0000 0.0000 6.0000 0.0000 -6.0000 0.0000 -6.0000 0.0000 0.0000 box4o4a.dat
1 16 0.0000 -1.0000 0.0000 0.0000 0.0000 9.0000 0.0000 1.0000 0.0000 -9.0000 0.0000 0.0000 box4.dat
1 16 -10.0000 -6.0000 0.0000 0.0000 20.0000 0.0000 0.0000 0.0000 -10.0000 -10.0000 0.0000 0.0000 2-4cylo.dat
0 BFC INVERTNEXT
1 16 -6.0000 -6.0000 0.0000 0.0000 12.0000 0.0000 0.0000 0.0000 -6.0000 -6.0000 0.0000 0.0000 2-4cylo.dat
1 16 -10.0000 -6.0000 0.0000 0.0000 20.0000 0.0000 0.0000 0.0000 -10.0000 -10.0000 0.0000 0.0000 2-4chrd.dat
1 16 -6.0000 -6.0000 0.0000 0.0000 -12.0000 0.0000 0.0000 0.0000 -6.0000 -6.0000 0.0000 0.0000 2-4chrd.dat
1 16 10.0000 -6.0000 0.0000 0.0000 -20.0000 0.0000 0.0000 0.0000 -10.0000 -10.0000 0.0000 0.0000 2-4chrd.dat
1 16 6.0000 -6.0000 0.0000 0.0000 12.0000 0.0000 0.0000 0.0000 -6.0000 -6.0000 0.0000 0.0000 2-4chrd.dat
