0 Technic Bionicle Arm  7 x  5 with  1 Ball Joint and 7 Pinholes
0 Name: 50922.dat
0 Author: Kevin Roach [KROACH]
0 !LDRAW_ORG Unofficial_Part
0 !LICENSE Redistributable under CCAL version 2.0 : see CAreadme.txt

0 BFC CERTIFY CCW

0 !KEYWORDS Toa, Hordika

0 !HISTORY 2014-04-20 [KROACH] Added missing condlines
0 !HISTORY 2014-04-20 [KROACH] Moved origin
0 !HISTORY 2014-06-02 [KROACH] Added missing lines and corrected condlines.

1 16 0 -60 -40 0 1 0 -1 0 0 0 0 1 connhole.dat
1 16 0 -60 -60 0 1 0 -1 0 0 0 0 1 beamhole.dat
1 16 0 -60 -20 0 1 0 1 0 0 0 0 -1 beamhole.dat
1 16 -9 -60 -20 0 -1 0 9 0 0 0 0 9 1-8edge.dat
1 16 9 -60 -20 0 -1 0 9 0 0 0 0 9 1-8edge.dat
1 16 -2 -60 -20 0 1 0 0 0 9 9 0 0 1-8edge.dat
1 16 2 -60 -20 0 1 0 0 0 9 9 0 0 1-8edge.dat
1 16 -10 -60 -60 0 1 0 -9 0 0 0 0 -9 1-4cyli.dat
1 16 -10 -60 -60 0 1 0 -9 0 0 0 0 -9 1-4edge.dat
1 16 10 -60 -60 0 -1 0 -9 0 0 0 0 -9 1-4cyli.dat
1 16 10 -60 -60 0 -1 0 -9 0 0 0 0 -9 1-4edge.dat
4 16 -9 -69 -60 -9 -69 -52.7902 -10 -69 -52.7902 -10 -69 -60
4 16 10 -69 -60 10 -69 -52.7902 9 -69 -52.7902 9 -69 -60
4 16 10 -69 -52.7902 5 -69 -24.2138 -5 -69 -24.2138 -10 -69 -52.7902
4 16 -5 -69 -24.2138 -5 -69 -20 -10 -69 -20 -10 -69 -52.7902
4 16 10 -69 -52.7902 10 -69 -20 5 -69 -20 5 -69 -24.2138
2 24 -10 -69 -60 -10 -69 -20
2 24 10 -69 -60 10 -69 -20
2 24 -5 -69 -24.2138 -5 -69 -20
2 24 5 -69 -24.2138 5 -69 -20
1 16 -10 -60 -20 0 5 0 -9 0 0 0 0 9 1-4cylo.dat
1 16 10 -60 -20 0 -5 0 -9 0 0 0 0 9 1-4cylo.dat
1 16 -10 -60 -20 0 1 0 9 0 0 0 0 9 1-4cyli.dat
1 16 -10 -60 -20 0 1 0 9 0 0 0 0 9 1-4edge.dat
1 16 10 -60 -20 0 -1 0 9 0 0 0 0 9 1-4cyli.dat
1 16 10 -60 -20 0 -1 0 9 0 0 0 0 9 1-4edge.dat
4 16 -10 -51 -60 -9 -51 -54.636 -2 -51 -54.636 -2 -51 -60
4 16 2 -51 -60 2 -51 -52.636 9 -51 -52.636 10 -51 -60
4 16 -10 -51 -60 -10 -51 -20 -9 -51 -50 -9 -51 -54.636
4 16 9 -51 -52.636 9 -51 -50 10 -51 -20 10 -51 -60
4 16 -9 -51 -50 -10 -51 -20 10 -51 -20 9 -51 -50
2 24 -10 -51 -60 -10 -51 -20
2 24 10 -51 -60 10 -51 -20
2 24 -9 -51 -50 9 -51 -50
1 16 -10 -60 -60 0 20 0 9 0 0 0 0 -9 1-4cylo.dat
1 16 0 -80 -80 0 1 0 -1 0 0 0 0 1 connhole.dat
1 16 -10 -80 -80 0 1 0 -9 0 0 0 0 9 4-4edge.dat
1 16 10 -80 -80 0 -1 0 9 0 0 0 0 9 4-4edge.dat
1 16 -10 -80 -80 0 1 0 -9 0 0 0 0 9 4-4cyli.dat
1 16 10 -80 -80 0 -1 0 -9 0 0 0 0 9 4-4cyli.dat
1 16 -9 -80 -80 0 7 0 -3.44415 0 8.31492 8.31492 0 3.44415 3-16cyli.dat
1 16 9 -80 -80 0 -7 0 -3.44415 0 8.31492 8.31492 0 3.44415 3-16cyli.dat
1 16 -2 -80 -80 0 1 0 -3.44415 0 8.31492 8.31492 0 3.44415 3-16edge.dat
1 16 2 -80 -80 0 -1 0 -3.44415 0 8.31492 8.31492 0 3.44415 3-16edge.dat
1 16 -9 -60 -60 0 7 0 -9 0 0 0 0 -9 3-16cyli.dat
1 16 9 -60 -60 0 -7 0 -9 0 0 0 0 -9 3-16cyli.dat
1 16 -2 -60 -60 0 1 0 -9 0 0 0 0 -9 3-16edge.dat
1 16 2 -60 -60 0 -1 0 -9 0 0 0 0 -9 3-16edge.dat
1 16 -9 -60 -80 0 7 0 -12.5648 0 5.20449 5.20449 0 12.5648 1-8cylo.dat
1 16 9 -60 -80 0 -7 0 -12.5648 0 5.20449 5.20449 0 12.5648 1-8cylo.dat
0 BFC INVERTNEXT
1 16 -9 -60 -80 0 7 0 -24.3904 0 10.1028 10.1028 0 24.3904 1-8cylo.dat
0 BFC INVERTNEXT
1 16 9 -60 -80 0 -7 0 -24.3904 0 10.1028 10.1028 0 24.3904 1-8cylo.dat
1 16 -5.5 -73.1344 -74.3867 3.5 0 0 0 -1 0.5016 0 0 -0.75075 rect2a.dat
1 16 5.5 -73.1344 -74.3867 0 0 -3.5 0.5016 -1 0 -0.75075 0 0 rect2a.dat
1 16 -5.5 -84.1949 -72.1867 0 0 3.5 -0.7507 0 0 -0.5016 -1 0 rect2a.dat
1 16 5.5 -84.1949 -72.1867 -3.5 0 0 0 0 -0.7507 0 -1 -0.5016 rect2a.dat
1 16 -5.5 -69 -57.6951 3.5 0 0 0 1 0 0 0 2.3049 rect2a.dat
1 16 5.5 -69 -57.6951 0 0 -3.5 0 1 0 2.3049 0 0 rect2a.dat
1 16 -5.5 -72.5988 -74.9665 0 0 -3.5 0.034 1 0 0.171 0 0 rect2p.dat
1 16 5.5 -72.5988 -74.9665 0 0 -3.5 0.034 1 0 0.171 0 0 rect2p.dat
1 16 -5.5 -65.0335 -67.4012 3.5 0 0 0 0 0.171 0 -1 0.034 rect3.dat
1 16 5.5 -65.0335 -67.4012 3.5 0 0 0 0 0.171 0 -1 0.034 rect3.dat
1 16 -5.5 -84.668 -71.2928 0 0 3.5 0.2776 -1 0 1.39555 0 0 rect2p.dat
1 16 5.5 -84.668 -71.2928 0 0 3.5 0.2776 -1 0 1.39555 0 0 rect2p.dat
1 16 -5.5 -69.5514 -55.4999 0 0 3.5 0.5514 0 0 0.1097 1 0 rect2p.dat
1 16 5.5 -69.5514 -55.4999 0 0 3.5 0.5514 0 0 0.1097 1 0 rect2p.dat
0 BFC INVERTNEXT
1 16 -9 -60 -80 0 7 0 0 0 -11 11 0 0 3-16cylo.dat
1 16 -2 -60 -80 0 1 0 0 0 -11 11 0 0 3-16chrd.dat
0 BFC INVERTNEXT
1 16 9 -60 -80 0 -7 0 0 0 -11 11 0 0 3-16cylo.dat
1 16 2 -60 -80 0 -1 0 0 0 -11 11 0 0 3-16chrd.dat
1 16 -5.5 -70.3192 -76.5772 3.5 0 0 0 -1 -0.1565 0 0 -0.78675 rect3.dat
1 16 5.5 -70.3192 -76.5772 3.5 0 0 0 -1 -0.1565 0 0 -0.78675 rect3.dat
1 16 -2 -60 -80 0 1 0 -12.4724 0 5.16623 5.16623 0 12.4724 1-8ring1.dat
1 16 2 -60 -80 0 -1 0 -12.4724 0 5.16623 5.16623 0 12.4724 1-8ring1.dat
3 16 -2 -65.2045 -67.4352 -2 -65.3743 -67.0252 -2 -64.8625 -67.3672
3 16 -2 -69 -55.3902 -2 -69 -58.2721 -2 -70.1028 -55.6096
3 16 2 -64.8625 -67.3672 2 -65.3743 -67.0252 2 -65.2045 -67.4352
3 16 2 -70.1028 -55.6096 2 -69 -58.2721 2 -69 -55.3902
3 16 -2 -72.5648 -74.7955 -2 -72.6328 -75.1375 -2 -72.9748 -74.6257
3 16 -2 -84.9456 -72.6883 -2 -84.3904 -69.8972 -2 -83.4442 -71.6851
3 16 -2 -83.4442 -71.6851 -2 -84.3904 -69.8972 -2 -81.1673 -71.2322
3 16 2 -72.9748 -74.6257 2 -72.6328 -75.1375 2 -72.5648 -74.7955
3 16 2 -83.4442 -71.6851 2 -84.3904 -69.8972 2 -84.9456 -72.6883
3 16 2 -81.1673 -71.2322 2 -84.3904 -69.8972 2 -83.4442 -71.6851
2 24 -2 -64.8625 -67.3672 -2 -65.3743 -67.0252
2 24 -2 -72.6328 -75.1375 -2 -72.9748 -74.6257
2 24 -2 -81.1673 -71.2322 -2 -83.4442 -71.6851
2 24 2 -64.8625 -67.3672 2 -65.3743 -67.0252
2 24 2 -72.6328 -75.1375 2 -72.9748 -74.6257
2 24 2 -81.1673 -71.2322 2 -83.4442 -71.6851
1 16 -2 -80 -80 0 1 0 -6.36 0 6.36 -6.36 0 -6.36 1-4edge.dat
1 16 -9 -80 -80 0 7 0 -6.36 0 6.36 -6.36 0 -6.36 1-4cyli.dat
4 16 -2 -86.362 -91.3978 -2 -86.36 -86.36 -2 -83.442 -88.31 -2 -83.442 -91.3978
4 16 -2 -83.442 -91.3978 -2 -83.442 -88.31 -2 -80 -88.9943 -2 -80 -91.3978
4 16 -2 -80 -91.3978 -2 -80 -88.9943 -2 -76.558 -88.31 -2 -76.558 -91.3978
4 16 -2 -76.558 -91.3978 -2 -76.558 -88.31 -2 -73.64 -86.36 -2 -73.638 -91.3978
2 24 -2 -86.362 -91.3978 -2 -73.638 -91.3978
2 24 -2 -86.36 -86.36 -2 -86.362 -91.3978
2 24 -2 -73.638 -91.3978 -2 -73.64 -86.36
1 16 -5.5 -86.364 -88.682 0 0 3.5 0 -1 0 2.318 0 0 rect1.dat
1 16 -5.5 -73.636 -88.682 0 0 3.5 0 1 0 2.318 0 0 rect1.dat
1 16 2 -80 -80 0 -1 0 -6.36 0 6.36 -6.36 0 -6.36 1-4edge.dat
1 16 9 -80 -80 0 -7 0 -6.36 0 6.36 -6.36 0 -6.36 1-4cyli.dat
4 16 2 -83.442 -91.3978 2 -83.442 -88.31 2 -86.36 -86.36 2 -86.362 -91.3978
4 16 2 -80 -91.3978 2 -80 -88.9943 2 -83.442 -88.31 2 -83.442 -91.3978
4 16 2 -76.558 -91.3978 2 -76.558 -88.31 2 -80 -88.9943 2 -80 -91.3978
4 16 2 -73.638 -91.3978 2 -73.64 -86.36 2 -76.558 -88.31 2 -76.558 -91.3978
2 24 2 -86.362 -91.3978 2 -73.638 -91.3978
2 24 2 -86.36 -86.36 2 -86.362 -91.3978
2 24 2 -73.638 -91.3978 2 -73.64 -86.36
1 4 5.5 -86.364 -88.682 0 0 -3.5 0 -1 0 2.318 0 0 rect1.dat
1 16 5.5 -73.636 -88.682 0 0 -3.5 0 1 0 2.318 0 0 rect1.dat
1 16 0 -80 -100 1 0 0 0 1 0 0 0 1 connhol3.dat
1 16 0 -86.364 -100 9 0 0 0 12.7279 0 0 0 9 2-4cylo.dat
1 16 0 -73.636 -100 9 0 0 0 1 0 0 0 9 2-4ndis.dat
1 16 0 -86.364 -100 -9 0 0 0 -1 0 0 0 9 2-4ndis.dat
1 16 0 -89 -100 9 0 0 0 1 0 0 0 9 2-4ndis.dat
1 16 0 -89 -100 9 0 0 0 -1 0 0 0 9 2-4cylo.dat
1 16 0 -71 -100 9 0 0 0 -1 0 0 0 9 1-4ndis.dat
1 16 0 -70 -100 9 0 0 0 -1 0 0 0 9 1-4cylo.dat
1 16 0 -70 -100 9 0 0 0 -20 0 0 0 -9 1-4cylo.dat
1 16 0 -72 -100 0 0 -9 0 -18 0 -9 0 0 1-4cylo.dat
1 16 0 -72 -100 -3 0 0 0 -1 0 0 0 -3 1-4ring2.dat
1 16 0 -72 -100 0 0 2 0 -1 0 -2 0 0 2-4ring3.dat
1 16 0 -72 -100 0 0 -6 0 -1 0 6 0 0 1-4ndis.dat
0 BFC INVERTNEXT
1 16 0 -72 -100 0 0 8 0 2 0 -8 0 0 2-4cylo.dat
4 16 -9 -72 -100 -9 -72 -92 -6 -72 -94 -6 -72 -100
4 16 -6 -72 -94 -9 -72 -92 0 -72 -92 0 -72 -94
1 16 -4.5 -71.5 -92 0 0 -4.5 -0.5 0 0 0 1 0 rect3.dat
1 16 0 -70 -100 0 0 1 0 -1 0 1 0 0 2-4ring8.dat
4 16 -9 -71 -92 -9 -71 -80 0 -71 -91 0 -71 -92
4 16 0 -71 -91 -9 -71 -80 9 -71 -80 9 -71 -91
2 24 -9 -72 -100 -9 -72 -92
2 24 -9 -71 -92 -9 -71 -80
2 24 9 -71 -100 9 -71 -80
1 16 0 -70 -108.5 0 0 -0.5 0 -2 0 -0.5 0 0 2-4cylc.dat
1 16 0 -70 -91.5 0 0 -0.5 0 -1 0 -0.5 0 0 2-4cylc.dat
4 16 9 -89 -91 9 -89 -80 -9 -89 -80 -9 -89 -91
1 16 -9 -60 -80 0 18 0 -29 0 0 0 0 29 3-16cylo.dat
1 16 0 -70.0489 -52.9988 9 0 0 0 0 1.0489 0 -1 0.20865 rect3.dat
1 16 -9 -60 -80 0 1 0 -2.03253 0 0.841904 0.841904 0 2.03253 1-8ring5.dat
1 16 -9 -60 -80 0 1 0 -0.369552 0 0.153073 0.153073 0 0.369552 1-8rin33.dat
1 16 -9 -60 -80 0 1 0 -0.739104 0 0.306147 0.306147 0 0.739104 1-8rin33.dat
1 16 -9 -60 -80 0 1 0 -0.739104 0 0.306147 0.306147 0 0.739104 1-8rin34.dat
1 16 -9 -60 -80 0 1 0 -0.92388 0 0.382684 0.382684 0 0.92388 1-8rin28.dat
1 16 -9 -60 -80 0 1 0 -0.5 0 0 0 0 0.5 1-16ring57.dat
1 16 -9 -60 -80 0 1 0 0 0 -0.5 0.5 0 0 1-16ring22.dat
1 16 9 -60 -80 0 -1 0 -2.03253 0 0.841904 0.841904 0 2.03253 1-8ring5.dat
1 16 9 -60 -80 0 -1 0 -0.369552 0 0.153073 0.153073 0 0.369552 1-8rin33.dat
1 16 9 -60 -80 0 -1 0 -0.739104 0 0.306147 0.306147 0 0.739104 1-8rin33.dat
1 16 9 -60 -80 0 -1 0 -0.739104 0 0.306147 0.306147 0 0.739104 1-8rin34.dat
1 16 9 -60 -80 0 -1 0 -0.92388 0 0.382684 0.382684 0 0.92388 1-8rin28.dat
1 16 9 -60 -80 0 -1 0 -0.5 0 0 0 0 0.5 1-16ring57.dat
1 16 9 -60 -80 0 -1 0 0 0 -0.5 0.5 0 0 1-16ring22.dat
4 16 -9 -89 -80 -9 -86.7925 -68.9022 -9 -86.3306 -69.0935 -9 -88.5 -80
4 16 -9 -87.603 -75.4904 -9 -86.3306 -69.0935 -9 -84.3904 -69.8972 -9 -84.9456 -72.6883
4 16 9 -88.5 -80 9 -86.3306 -69.0935 9 -86.7925 -68.9022 9 -89 -80
4 16 9 -84.9456 -72.6883 9 -84.3904 -69.8972 9 -86.3306 -69.0935 9 -87.603 -75.4904
1 16 -9 -80 -80 0 1 0 -6.36396 0 -6.36396 -6.36396 0 6.36396 1-4edge.dat
1 16 9 -80 -80 0 -1 0 -6.36396 0 -6.36396 -6.36396 0 6.36396 1-4edge.dat
1 16 -9 -80 -80 0 1 0 8.31492 0 3.44415 3.44415 0 -8.31492 3-16edge.dat
1 16 9 -80 -80 0 -1 0 8.31492 0 3.44415 3.44415 0 -8.31492 3-16edge.dat
0 // node 1
1 16 -5 -86 -54 0 10 0 1.53073 0 -3.69552 3.69552 0 1.53073 3-8cylo.dat
5 24 -5 -84.4693 -50.3044 5 -84.4693 -50.3044 -5 -86 -50 -5 -75.3279 -56.0339
5 24 -5 -89.6955 -55.5307 5 -89.6955 -55.5307 -5 -90 -54 -5 -83.9661 -64.6721
1 16 -5 -86 -54 0 1 0 1.53073 0 -3.69552 3.69552 0 1.53073 3-8chrd.dat
1 16 5 -86 -54 0 -1 0 1.53073 0 -3.69552 3.69552 0 1.53073 3-8chrd.dat
1 16 0 -86.8308 -60.1014 -5 0 0 0 1 2.8647 0 0 -4.5707 rect3.dat
1 16 0 -79.8986 -53.1692 5 0 0 0 0 4.5707 0 -1 -2.8647 rect3.dat
4 16 -5 -83.9661 -64.6721 -5 -89.6955 -55.5307 -5 -84.4693 -50.3045 -5 -80.5061 -59.4939
3 16 -5 -75.3279 -56.0339 -5 -80.5061 -59.4939 -5 -84.4693 -50.3045
4 16 5 -80.5061 -59.4939 5 -84.4693 -50.3045 5 -89.6955 -55.5307 5 -83.9661 -64.6721
3 16 5 -84.4693 -50.3045 5 -80.5061 -59.4939 5 -75.3279 -56.0339
1 16 -5.5 -86 -54 0 0.5 0 0 0 -2.5 2.5 0 0 4-4cylc.dat
1 16 5.5 -86 -54 0 -0.5 0 0 0 -2.5 2.5 0 0 4-4cylc.dat
2 24 -5 -83.9661 -64.6721 -5 -80.5061 -59.4939
2 24 -5 -80.5061 -59.4939 -5 -75.3279 -56.0339
2 24 5 -83.9661 -64.6721 5 -80.5061 -59.4939
2 24 5 -80.5061 -59.4939 5 -75.3279 -56.0339
1 16 0 -40 -60 1 0 0 0 0 -1 0 1 0 connhol3.dat
1 16 0 -40 -70 -9 0 0 0 0 9 0 18 0 2-4cyli.dat
1 16 0 -40 -70 -9 0 0 0 0 9 0 1 0 2-4edge.dat
0 BFC INVERTNEXT
1 16 0 -40 -50 0 0 8 -8 0 0 0 -2 0 2-4cylo.dat
1 16 0 -40 -52 0 0 2 -2 0 0 0 -1 0 2-4ring3.dat
1 16 0 -40 -50 1 0 0 0 0 1 0 -1 0 1-4ring8.dat
1 16 0 -40 -50 9 0 0 0 0 9 0 -2 0 1-8cyli.dat
4 16 5 -32.7247 -50 6.364 -33.636 -50 6.364 -33.636 -52 5 -32.7247 -52
1 16 0 -40 -52 0 0 -6 -6 0 0 0 -1 0 1-4ndis.dat
1 16 0 -40 -52 -3 0 0 0 0 3 0 -1 0 1-4ring2.dat
1 16 0 -40 -52 -9 0 0 0 0 9 0 -1 0 1-8edge.dat
2 24 5 -32.7247 -50 6.364 -33.636 -50
1 16 0 -40 -50 9 0 0 0 0 9 0 1 0 1-8edge.dat
2 24 -5 -32.7247 -52 -6.364 -33.636 -52
4 16 -6 -40 -52 -9 -40 -52 -9 -48 -52 -6 -46 -52
4 16 -6 -46 -52 -9 -48 -52 0 -48 -52 0 -46 -52
1 16 -4.5 -48 -51 0 0 -4.5 0 -1 0 -1 0 0 rect3.dat
1 16 0 -40 -50 8 0 0 0 0 -8 0 -1 0 1-4ndis.dat
4 16 8 -40 -50 8 -48 -50 9 -51 -50 9 -40 -50
4 16 8 -48 -50 -9 -48 -50 -9 -51 -50 9 -51 -50
1 16 -2.5 -32 -51 0 0 -2.5 0 1 0 1 0 0 rect3.dat
1 16 0 -40 -52.636 9 0 0 0 0 -9 0 -14.728 0 1-4cylo.dat
1 16 0 -40 -54.636 -9 0 0 0 0 -9 0 -12.728 0 1-4cylo.dat
1 16 0 -40 -54.636 -9 0 0 0 0 -9 0 1 0 1-4ndis.dat
1 16 0 -40 -52.636 9 0 0 0 0 -9 0 1 0 1-4ndis.dat
1 16 -5.5 -50 -54.636 0 0 -3.5 -1 0 0 0 1 0 rect1.dat
1 16 5.5 -50 -52.636 0 0 -3.5 -1 0 0 0 1 0 rect1.dat
4 16 -2 -51 -60 -2 -51 -54.636 -2 -48.6022 -54.636 -2 -48.6022 -67.364
4 16 -2 -49.3209 -67.364 -2 -52 -62.6957 -2 -51 -60 -2 -48.6022 -67.364
2 24 -2 -48.6022 -67.364 -2 -48.6022 -54.636
2 24 -2 -48.6022 -54.636 -2 -51 -54.636
2 24 -2 -51 -54.636 -2 -51 -60
2 24 -2 -51 -60 -2 -51.5362 -62.6957
2 24 -2 -51.5362 -62.6957 -2 -49.3209 -67.364
2 24 -2 -49.3209 -67.364 -2 -48.6022 -67.364
4 16 2 -48.6022 -67.364 2 -48.6022 -52.636 2 -51 -52.636 2 -51 -60
4 16 2 -48.6022 -67.364 2 -51 -60 2 -51.5362 -62.6957 2 -49.3209 -67.364
2 24 2 -48.6022 -67.364 2 -48.6022 -52.636
2 24 2 -48.6022 -52.636 2 -51 -52.636
2 24 2 -51 -52.636 2 -51 -60
2 24 2 -51 -60 2 -51.5362 -62.6957
2 24 2 -51.5362 -62.6957 2 -49.3209 -67.364
2 24 2 -49.3209 -67.364 2 -48.6022 -67.364
0 // node 2
1 16 -5 -26 -54 0 10 0 0 0 4 4 0 0 5-16cylo.dat
5 24 -5 -22.3045 -55.5307 5 -22.3045 -55.5307 -5 -22 -54 -5 -27.431 -63.2031
5 24 -5 -26 -50 5 -26 -50 -5 -24.4693 -50.3045 -5 -31 -50
1 16 -5.5 -26 -54 0 1 0 0 0 2.5 2.5 0 0 4-4disc.dat
1 16 5.5 -26 -54 0 -1 0 0 0 2.5 2.5 0 0 4-4disc.dat
1 16 -5.5 -26 -54 0 3.5 0 0.956709 0 -2.3097 -2.3097 0 -0.956709 5-16cylo.dat
1 16 5.5 -26 -54 0 -3.5 0 0.956709 0 -2.3097 -2.3097 0 -0.956709 2-4cylo.dat
1 16 -5.5 -26 -54 0 0.5 0 -2.5 0 0 0 0 2.5 11-16cyli.dat
1 16 -5.5 -26 -54 0 1 0 -2.5 0 0 0 0 2.5 11-16edge.dat
1 16 -5 -26 -54 0 1 0 -2.5 0 0 0 0 2.5 11-16edge.dat
1 16 5.5 -26 -54 0 -0.5 0 -0.956709 0 2.3097 2.3097 0 0.956709 2-4cylo.dat
1 16 -2 -26 -54 0 1 0 0 0 -2.5 2.5 0 0 5-16ndis.dat
1 16 2 -26 -54 0 -1 0 0 0 -2.5 2.5 0 0 5-16ndis.dat
1 16 -2 -26 -54 0 1 0 1.76777 0 -1.76777 -1.76777 0 -1.76777 5-16ndis.dat
1 16 2 -26 -54 0 -1 0 1.76777 0 -1.76777 -1.76777 0 -1.76777 5-16ndis.dat
4 16 -2 -26.0296 -57.5059 -2 -28.5 -61.2031 -2 -31.3978 -61.2031 -2 -28.5 -55.0355
4 16 -2 -28.5 -55.0355 -2 -31.3978 -61.2031 -2 -31.3978 -54 -2 -28.5 -54
4 16 2 -28.5 -55.0355 2 -31.3978 -61.2031 2 -28.5 -61.2031 2 -26.0296 -57.5059
4 16 2 -28.5 -52 2 -31.3978 -52 2 -31.3978 -61.2031 2 -28.5 -55.0355
1 16 -5 -26 -54 0 1 0 0 0 0.5 0.5 0 0 5-16rin5.dat
1 16 -5 -26 -54 0 1 0 0 0 1 1 0 0 5-16rin3.dat
1 16 5 -26 -54 0 -1 0 0 0 0.5 0.5 0 0 5-16rin5.dat
1 16 5 -26 -54 0 -1 0 0 0 1 1 0 0 5-16rin3.dat
3 16 -3.4442 -31.6851 -63.2031 -5 -31 -63.2031 0 -31 -63.2031
3 16 -5 -32.7247 -63.2031 -5 -31 -63.2031 -3.4442 -31.6851 -63.2031
3 16 0 -31 -63.2031 5 -31 -63.2031 3.4442 -31.6851 -63.2031
3 16 3.4442 -31.6851 -63.2031 5 -31 -63.2031 5 -32.7247 -63.2031
1 16 0 -29.2155 -63.2031 -5 0 0 0 0 1.7845 0 1 0 rect3.dat
1 16 0 -24.8678 -59.3669 0 0 -5 -2.56325 -1 0 -3.8362 0 0 rect2p.dat
3 16 0 -31 -61.2031 -5 -31 -61.2031 -3.4442 -31.6851 -61.2031
3 16 -3.4442 -31.6851 -61.2031 -5 -31 -61.2031 -5 -32.7247 -61.2031
3 16 3.4442 -31.6851 -61.2031 5 -31 -61.2031 0 -31 -61.2031
3 16 5 -32.7247 -61.2031 5 -31 -61.2031 3.4442 -31.6851 -61.2031
1 16 -3.5 -29.75 -61.2031 1.5 0 0 0 0 1.25 0 -1 0 rect3.dat
1 16 3.5 -29.75 -61.2031 1.5 0 0 0 0 1.25 0 -1 0 rect3.dat
1 16 -3.5 -26.8795 -58.7779 1.5 0 0 0 1 1.6205 0 0 2.42525 rect3.dat
1 16 3.5 -26.8795 -58.7779 1.5 0 0 0 1 1.6205 0 0 2.42525 rect3.dat
3 16 3.4442 -31.6851 -50 5 -31 -50 0 -31 -50
3 16 5 -32.7247 -50 5 -31 -50 3.4442 -31.6851 -50
1 16 -2.5 -31.5 -50 -2.5 0 0 0 0 -0.5 0 -1 0 rect1.dat
1 16 0 -28.5 -50 0 0 5 -2.5 0 0 0 -1 0 rect2p.dat
3 16 -3.4442 -31.6851 -54 -5 -31 -54 0 -31 -54
3 16 -5 -32.7247 -54 -5 -31 -54 -3.4442 -31.6851 -54
3 16 -3.9155 -32 -52 -5 -32 -52 -5 -32.7247 -52
3 16 0 -31 -52 5 -31 -52 3.4442 -31.6851 -52
3 16 3.4442 -31.6851 -52 5 -31 -52 5 -32.7247 -52
1 16 -3.5 -29.75 -54 -1.5 0 0 0 0 1.25 0 1 0 rect3.dat
1 16 3.5 -29.2101 -52 0 0 1.5 1.7899 0 0 0 1 0 rect2a.dat
4 16 -5 -32.7247 -63.2031 -5 -32.7247 -61.2031 -5 -28.5 -61.2031 -5 -27.431 -63.2031
4 16 -5 -27.431 -63.2031 -5 -28.5 -61.2031 -5 -24.1884 -54.7504 -5 -22.3045 -55.5307
4 16 5 -27.431 -63.2031 5 -28.5 -61.2031 5 -32.7247 -61.2031 5 -32.7247 -63.2031
4 16 5 -22.3045 -55.5307 5 -24.1884 -54.7504 5 -28.5 -61.2031 5 -27.431 -63.2031
1 16 5 -29.3623 -51 0 -1 0 -3.36235 0 0 0 0 -1 rect1.dat
4 16 -5 -32 -50 -5 -26 -50 -5 -26 -54 -5 -32 -52
4 16 -5 -32.7247 -52 -5 -32 -52 -5 -26 -54 -5 -32.7247 -54

2 24 -2 -26.0296 -57.5059 -2 -28.5 -61.2031
2 24 -2 -31.3978 -61.2031 -2 -31.3978 -54
2 24 2 -28.5 -61.2031 2 -26.0296 -57.5059
2 24 2 -31.3978 -52 2 -31.3978 -61.2031
2 24 0 -31 -63.2031 -3.4442 -31.6851 -63.2031
2 24 -3.4442 -31.6851 -63.2031 -5 -32.7247 -63.2031
2 24 3.4442 -31.6851 -63.2031 0 -31 -63.2031
2 24 5 -32.7247 -63.2031 3.4442 -31.6851 -63.2031
2 24 -3.4442 -31.6851 -61.2031 0 -31 -61.2031
2 24 -5 -32.7247 -61.2031 -3.4442 -31.6851 -61.2031
2 24 0 -31 -61.2031 3.4442 -31.6851 -61.2031
2 24 3.4442 -31.6851 -61.2031 5 -32.7247 -61.2031
2 24 0 -31 -54 -3.4442 -31.6851 -54
2 24 -3.4442 -31.6851 -54 -5 -32.7247 -54
2 24 -5 -32.7247 -52 -5 -32 -52
2 24 3.4442 -31.6851 -52 0 -31 -52
2 24 5 -32.7247 -52 3.4442 -31.6851 -52
2 24 -5 -32.7247 -63.2031 -5 -32.7247 -61.2031
2 24 -5 -28.5 -61.2031 -5 -24.1884 -54.7504
2 24 5 -32.7247 -61.2031 5 -32.7247 -63.2031
2 24 5 -24.1884 -54.7504 5 -28.5 -61.2031
2 24 -5 -32.7247 -54 -5 -32.7247 -52
2 24 -2 -31.3978 -61.2031 -2 -31 -61.2031
2 24 -2 -31.3978 -54 -2 -31 -54
2 24 2 -31.3978 -61.2031 2 -31 -61.2031
2 24 2 -27.4202 -52 2 -28.5 -52
2 24 2 -31.3978 -52 2 -31 -52
2 24 -5 -26 -54 -5 -28.5 -54
2 24 5 -26 -52 5 -27.4202 -52
2 24 2 -31 -52 2 -28.5 -52
2 24 -5 -32.7247 -63.2031 -5 -31 -63.2031
2 24 5 -31 -63.2031 5 -32.7247 -63.2031
2 24 -5 -31 -61.2031 -5 -32.7247 -61.2031
2 24 5 -32.7247 -61.2031 5 -31 -61.2031
2 24 5 -32.7247 -50 5 -31 -50
2 24 -5 -32.7247 -54 -5 -31 -54
2 24 5 -31 -52 5 -32.7247 -52
2 24 -5 -25.259 -56.3526 -5 -25.0433 -56.3097
2 24 5 -25.259 -56.3526 5 -25.0433 -56.3097
2 24 5 -27.4202 -52 5 -26.9567 -51.6903
1 16 0 -40 0 0 0 -1 -1 0 0 0 1 0 connhol2.dat
1 16 0 -40 -5.364 0 0 -9 -9 0 0 0 12.728 0 2-4cylo.dat
1 16 0 -40 -7.364 0 0 9 9 0 0 0 14.728 0 2-4cylo.dat
1 16 0 -40 -5.364 0 0 -9 9 0 0 0 -1 0 2-4ndis.dat
1 16 0 -40 -7.364 0 0 9 -9 0 0 0 -1 0 2-4ndis.dat
1 16 0 -40 7.364 -9 0 0 0 0 9 0 1 0 4-4ndis.dat
1 16 0 -40 -10 0 0 8 8 0 0 0 1 0 2-4ndis.dat
1 16 0 -40 10 0 0 -9 9 0 0 0 -1 0 4-4ndis.dat
1 16 -5.5 -26.6748 -5.364 0 0 -3.5 4.3252 0 0 0 -1 0 rect1.dat
1 16 5.5 -26.2296 -7.364 0 0 -3.5 4.77035 0 0 0 -1 0 rect1.dat
1 16 -5.5 -29.5079 7.364 0 0 3.5 1.4921 0 0 0 1 0 rect1.dat
1 16 5.5 -29.5079 7.364 0 0 3.5 1.4921 0 0 0 1 0 rect1.dat
1 16 -5.5 -25.1827 1 0 0 -3.5 -2.8331 1 0 6.364 0 0 rect2p.dat
1 16 5.5 -24.7375 0 0 0 -3.5 -3.27825 1 0 7.364 0 0 rect2p.dat
4 16 -2 -22.3496 -5.364 -2 -31.3978 -5.364 -2 -31.3978 7.364 -2 -28.0158 7.364
4 16 2 -28.0158 7.364 2 -31.3978 7.364 2 -31.3978 -7.364 2 -21.4593 -7.364
4 16 -9 -32 -10 -5 -20.2858 -10 5 -20.2858 -10 9 -32 -10
4 16 -9 -32 -10 -9 -18.0966 -10 -5 -18.0966 -10 -5 -20.2858 -10
4 16 5 -20.2858 -10 5 -18.0966 -10 9 -18.0966 -10 9 -32 -10
1 16 0 -22.5483 0 -9 0 0 0 -1 -4.4517 0 0 10 rect3.dat
4 16 9 -31 10 9 -27 10 -9 -27 10 -9 -31 10
1 16 -5.5 -53.636 -9.5 0 0 -3.5 0 1 0 4.136 0 0 rect.dat
1 16 5.5 -53.636 -10.5 0 0 -3.5 0 1 0 3.136 0 0 rect.dat
4 16 -2 -53.636 -5.364 -2 -49 -5.364 -9 -49 -5.364 -9 -53.636 -5.364
4 16 9 -53.636 -7.364 9 -49 -7.364 2 -49 -7.364 2 -53.636 -7.364
1 16 -5.5 -57.364 -2.0802 0 0 3.5 0 -1 0 9.44415 0 0 rect.dat
1 16 5.5 -57.364 -2.0802 0 0 3.5 0 -1 0 9.44415 0 0 rect.dat
4 16 -9 -57.364 7.364 -9 -49 7.364 -2 -49 7.364 -2 -57.364 7.364
4 16 2 -57.364 7.364 2 -49 7.364 9 -49 7.364 9 -57.364 7.364
4 16 -3.9351 -60 -11 -2.94395 -60 10 -9 -60 10 -9 -60 -11
4 16 9 -60 -11 9 -60 10 2.94395 -60 10 3.9351 -60 -11
4 16 9 -60 10 9 -49 10 -9 -49 10 -9 -60 10
4 16 -9 -51 -10 -9 -48 -10 8 -48 -10 9 -51 -10
4 16 8 -32 -10 9 -32 -10 9 -51 -10 8 -48 -10
1 16 0 -51 -15 -9 0 0 0 -1 0 0 0 5 rect3.dat
4 16 -2 -57.364 -11.5243 -2 -57.364 7.364 -2 -53.636 -5.364 -2 -53.636 -13.636
4 16 -2 -53.636 -5.364 -2 -57.364 7.364 -2 -48.6022 7.364 -2 -48.6022 -5.364
4 16 2 -53.636 -13.636 2 -53.636 -7.364 2 -57.364 7.364 2 -57.364 -11.5243
4 16 2 -48.6022 -7.364 2 -48.6022 7.364 2 -57.364 7.364 2 -53.636 -7.364
0 BFC INVERTNEXT
1 16 -8.5 -40 -10 0.5 0 0 0 0 -8 0 2 0 box3u5p.dat
1 16 -9 -60 -20 0 7 0 6.36396 0 -6.36396 6.36396 0 6.36396 1-16cyli.dat
1 16 9 -60 -20 0 -7 0 6.36396 0 -6.36396 6.36396 0 6.36396 1-16cyli.dat
4 16 -9 -56.5558 -11.6851 -9 -57.364 -11.5243 -2 -57.364 -11.5243 -2 -56.5558 -11.6851
4 16 2 -56.5558 -11.6851 2 -57.364 -11.5243 9 -57.364 -11.5243 9 -56.5558 -11.6851
0 // node 3
1 16 -5 -74 -15 0 10 0 0 0 -4 4 0 0 3-8cylo.dat
5 24 -5 -76.8284 -17.8284 5 -76.8284 -17.8284 -5 -77.6955 -16.5307 -5 -69 -24.2138
5 24 -5 -74 -11 5 -74 -11 -5 -75.5307 -11.3045 -5 -60 -11
1 16 0 -72.9142 -21.0211 -5 0 0 0 0 3.9142 0 1 -3.1927 rect3.dat
1 16 -5 -60 -20 0 1 0 -9 0 0 0 0 9 1-4ndis.dat
1 16 5 -60 -20 0 -1 0 -9 0 0 0 0 9 1-4ndis.dat
1 16 -5 -74 -15 0 1 0 0 0 -4 4 0 0 3-8chrd.dat
1 16 5 -74 -15 0 -1 0 0 0 -4 4 0 0 3-8chrd.dat
4 16 -5 -69 -24.2138 -5 -76.8284 -17.8284 -5 -74 -11 -5 -69 -11
4 16 5 -69 -11 5 -74 -11 5 -76.8284 -17.8284 5 -69 -24.2138
1 16 -4.46755 -67 -11 0 0 -0.53245 7 0 0 0 -1 0 rect2p.dat
1 16 4.46755 -67 -11 0 0 -0.53245 7 0 0 0 -1 0 rect2p.dat
1 16 -5.5 -74 -15 0 0.5 0 0 0 -2.5 2.5 0 0 4-4cylc.dat
1 16 5.5 -74 -15 0 -0.5 0 0 0 -2.5 -2.5 0 0 4-4cylc.dat
0 // node 4
1 16 -5 -18.912 -18 0 10 0 3.69552 0 1.53073 1.53073 0 -3.69552 7-16cyli.dat
5 24 -5 -21.7406 -20.8284 5 -21.7406 -20.8284 -5 -20.4429 -21.6955 -5 -30 -10
5 24 -5 -15.2166 -16.4693 5 -15.2166 -16.4693 -5 -14.9121 -18 -5 -27 10
1 16 -5 -18.912 -18 0 1 0 3.69552 0 1.53073 1.53073 0 -3.69552 7-16edge.dat
1 16 5 -18.912 -18 0 -1 0 3.69552 0 1.53073 1.53073 0 -3.69552 7-16edge.dat
1 16 -5 -18.912 -18 0 1 0 3.69552 0 1.53073 1.53073 0 -3.69552 7-16disc.dat
1 16 5 -18.912 -18 0 -1 0 3.69552 0 1.53073 1.53073 0 -3.69552 7-16disc.dat
1 16 -5.5 -18.912 -18 0 3.5 0 -2.5 0 0 0 0 2.5 3-8cylo.dat
1 16 5.5 -18.912 -18 0 -3.5 0 -2.5 0 0 0 0 2.5 3-8cylo.dat
1 16 -5.5 -18.912 -18 0 0.5 0 -2.5 0 0 0 0 -2.5 5-8cylo.dat
1 16 5.5 -18.912 -18 0 -0.5 0 -2.5 0 0 0 0 -2.5 5-8cylo.dat
1 16 -5.5 -18.912 -18 0 1 0 -2.5 0 0 0 0 -2.5 4-4disc.dat
1 16 5.5 -18.912 -18 0 -1 0 -2.5 0 0 0 0 -2.5 4-4disc.dat
1 16 -3.5 -24.4453 -13.9846 0 0 1.5 -3.0393 -1 0 3.98465 0 0 rect.dat
1 16 3.5 -24.4453 -13.9846 0 0 1.5 -3.0393 -1 0 3.98465 0 0 rect.dat
1 16 -3.5 -18.9763 -12.9416 0 0 -1.5 -1.3095 1 0 2.9416 0 0 rect.dat
1 16 3.5 -18.9763 -12.9416 0 0 -1.5 -1.3095 1 0 2.9416 0 0 rect.dat
1 16 0 -25.8703 -15.4142 5 0 0 0 1 -4.1297 0 0 5.4142 rect3.dat
1 16 0 -16.6566 -13.2346 0 0 5 -1.44 -1 0 3.23465 0 0 rect2p.dat
4 16 -2 -17.6668 -15.8832 -2 -21.406 -17.9693 -2 -27.4846 -10 -2 -20.2858 -10
4 16 2 -20.2858 -10 2 -27.4846 -10 2 -21.406 -17.9693 2 -17.6668 -15.8832
4 16 -5 -21.7406 -20.8284 -5 -30 -10 -5 -27.4846 -10 -5 -20.3136 -19.4015
4 16 -5 -17.065 -17.2349 -5 -20.2858 -10 -5 -18.0966 -10 -5 -15.2166 -16.4693
4 16 5 -20.3136 -19.4015 5 -27.4846 -10 5 -30 -10 5 -21.7406 -20.8284
4 16 5 -15.2166 -16.4693 5 -18.0966 -10 5 -20.2858 -10 5 -17.065 -17.2349

2 24 -2 -17.6668 -15.8832 -2 -21.406 -17.9693
2 24 -2 -27.4846 -10 -2 -20.2858 -10
2 24 2 -20.2858 -10 2 -27.4846 -10
2 24 2 -21.406 -17.9693 2 -17.6668 -15.8832
2 24 -5 -30 -10 -5 -27.4846 -10
2 24 -5 -20.2858 -10 -5 -18.0966 -10
2 24 5 -27.4846 -10 5 -30 -10
2 24 5 -18.0966 -10 5 -20.2858 -10
2 24 -5 -21.406 -17.9693 -5 -21.4121 -18
2 24 -5 -17.6668 -15.8832 -5 -17.1444 -16.2322
2 24 5 -21.406 -17.9693 5 -21.4121 -18
2 24 5 -17.6668 -15.8832 5 -17.1444 -16.2322
0 // slope
4 16 -2.05827 -60.1522 28.7654 2.05827 -60.1522 28.7654 2.0944 -60 28 -2.0944 -60 28
4 16 2.05827 -60.1522 28.7654 -2.05827 -60.1522 28.7654 -2.02765 -60.5858 29.4142 2.02765 -60.5858 29.4142
4 16 2.02765 -60.5858 29.4142 -2.02765 -60.5858 29.4142 -2.00718 -61.2346 29.8478 2.00718 -61.2346 29.8478
4 16 2.00718 -61.2346 29.8478 -2.00718 -61.2346 29.8478 -2 -62 30 2 -62 30
4 16 2 -62 30 -2 -62 30 -2.00718 -62.7654 29.8478 2.00718 -62.7654 29.8478
4 16 2.02765 -63.4135 29.4142 2.00718 -62.7654 29.8478 -2.00718 -62.7654 29.8478 -2.02765 -63.4135 29.4142
4 16 2.85315 -60.3827 11.9239 -2.85315 -60.3827 11.9239 -2.84956 -60 12 2.84956 -60 12
4 16 2.85315 -60.3827 11.9239 2.86338 -60.7071 11.7071 -2.86338 -60.7071 11.7071 -2.85315 -60.3827 11.9239
4 16 -2.87869 -60.9239 11.3827 -2.86338 -60.7071 11.7071 2.86338 -60.7071 11.7071 2.87869 -60.9239 11.3827
4 16 -2.89676 -61 11 -2.87869 -60.9239 11.3827 2.87869 -60.9239 11.3827 2.89676 -61 11
4 16 -2.89676 -61 11 2.89676 -61 11 2.91482 -60.9239 10.6173 -2.91482 -60.9239 10.6173
4 16 2.91482 -60.9239 10.6173 2.93013 -60.7071 10.2929 -2.93013 -60.7071 10.2929 -2.91482 -60.9239 10.6173
4 16 2.94036 -60.3827 10.0761 -2.94036 -60.3827 10.0761 -2.93013 -60.7071 10.2929 2.93013 -60.7071 10.2929
4 16 2.94395 -60 10 -2.94395 -60 10 -2.94036 -60.3827 10.0761 2.94036 -60.3827 10.0761
4 16 -2.79664 -62.1213 13.1213 -2.84257 -62.7717 12.1481 -2 -62.7717 12.1481 -2 -62.1213 13.1213
4 16 -2 -62.7717 12.1481 -2.84257 -62.7717 12.1481 -2.89676 -63 11 -2 -63 11
4 16 -2 -62.7717 9.8519 -2 -63 11 -2.89676 -63 11 -2.95094 -62.7717 9.8519
4 16 -2.99688 -62.1213 8.8787 -2 -62.1213 8.8787 -2 -62.7717 9.8519 -2.95094 -62.7717 9.8519
4 16 2 -62.1213 13.1213 2 -62.7717 12.1481 2.84257 -62.7717 12.1481 2.79664 -62.1213 13.1213
4 16 2.89676 -63 11 2.84257 -62.7717 12.1481 2 -62.7717 12.1481 2 -63 11
4 16 2.95094 -62.7717 9.8519 2.89676 -63 11 2 -63 11 2 -62.7717 9.8519
4 16 2 -62.1213 8.8787 2.99688 -62.1213 8.8787 2.95094 -62.7717 9.8519 2 -62.7717 9.8519
4 16 -3.37927 -73.4429 0.7768 -2 -73.4429 0.7768 -2 -74.8108 -9 -3.84071 -74.8108 -9
4 16 -2 -72.3028 4.9158 -2 -73.4429 0.7768 -3.37927 -73.4429 0.7768 -3.18391 -72.3028 4.9158
4 16 -3.08968 -71.7511 6.9124 -2.92325 -70.7753 10.4387 -2 -70.7749 10.4383 -2 -71.7511 6.9124
4 16 -2.48752 -66.8702 19.6708 -2 -66.8707 19.6711 -2 -70.7749 10.4383 -2.92325 -70.7753 10.4387
4 16 -2.0966 -62 27.9534 -2 -62 27.9534 -2 -66.8707 19.6711 -2.48752 -66.8702 19.6708
4 16 2 -74.8108 -9 2 -73.4429 0.7768 3.37927 -73.4429 0.7768 3.84071 -74.8108 -9
4 16 3.37927 -73.4429 0.7768 2 -73.4429 0.7768 2 -72.3028 4.9158 3.18391 -72.3028 4.9158
4 16 3.08968 -71.7511 6.9124 2 -71.7511 6.9124 2 -70.7749 10.4383 2.92325 -70.7753 10.4387
4 16 2 -70.7749 10.4383 2 -66.8707 19.6711 2.48752 -66.8702 19.6708 2.92325 -70.7753 10.4387
4 16 2.48752 -66.8702 19.6708 2 -66.8707 19.6711 2 -62 27.9534 2.0966 -62 27.9534
4 16 -3.8409 -76.7899 -9.004 3.8409 -76.7899 -9.004 3.36048 -75.3657 1.1748 -3.36048 -75.3657 1.1748
4 16 -2.89278 -72.6297 11.0843 -3.36048 -75.3657 1.1748 3.36048 -75.3657 1.1748 2.89278 -72.6297 11.0843
4 16 -2.44588 -68.6246 20.553 -2.89278 -72.6297 11.0843 2.89278 -72.6297 11.0843 2.44588 -68.6246 20.553
4 16 -2.02765 -63.4135 29.4142 -2.44588 -68.6246 20.553 2.44588 -68.6246 20.553 2.02765 -63.4135 29.4142
4 16 4 -76.9644 -12.375 3.8409 -76.7899 -9.004 -3.8409 -76.7899 -9.004 -4 -76.9644 -12.375
1 16 -2.92035 -68.4054 -9 0 0 -0.920355 6.4054 0 0 0 -1 0 rect.dat
1 16 2.92035 -68.4054 -9 -0.920355 0 0 0 0 -6.4054 0 -1 0 rect.dat
4 16 -3.84071 -62 -9 -2 -62 -9 -2 -62 -1.161 -3.47073 -62 -1.161
4 16 2 -62 -1.161 2 -62 -9 3.84071 -62 -9 3.47073 -62 -1.161
4 16 -3.18391 -72.3028 4.9158 -3.47073 -62 -1.161 -2 -62 -1.161 -2 -72.3028 4.9158
4 16 3.18391 -72.3028 4.9158 2 -72.3028 4.9158 2 -62 -1.161 3.47073 -62 -1.161
4 16 -2 -71.7511 6.9124 -2 -62 1.161 -3.36113 -62 1.161 -3.08968 -71.7511 6.9124
4 16 2 -71.7511 6.9124 3.08968 -71.7511 6.9124 3.36113 -62 1.161 2 -62 1.161
4 16 -3.0007 -62 8.7976 -3.36113 -62 1.161 -2 -62 1.161 -2 -62 8.7976
4 16 2 -62 8.7976 2 -62 1.161 3.36113 -62 1.161 3.0007 -62 8.7976
4 16 -2.99688 -62.1213 8.8787 -3.0007 -62 8.7976 -2 -62 8.7976 -2 -62.1213 8.8787
4 16 3.0007 -62 8.7976 2.99688 -62.1213 8.8787 2 -62.1213 8.8787 2 -62 8.7976
4 16 -2.79664 -62.1213 13.1213 -2 -62.1213 13.1213 -2 -62 13.2024 -2.79281 -62 13.2024
4 16 2 -62 13.2024 2 -62.1213 13.1213 2.79664 -62.1213 13.1213 2.79281 -62 13.2024
4 16 -2 -62 27.9534 -2.0966 -62 27.9534 -2.79281 -62 13.2024 -2 -62 13.2024
4 16 2 -62 13.2024 2.79281 -62 13.2024 2.0966 -62 27.9534 2 -62 27.9534
4 16 2.0944 -60 28 2.84956 -60 12 -2.84956 -60 12 -2.0944 -60 28
1 16 -2.094 -62 28 0 1 0.0944 2 0 0 0 0 2 3-8disc.dat
1 16 2.094 -62 28 0 -1 -0.0944 2 0 0 0 0 2 3-8disc.dat
1 16 -2.897 -60 11 0.0472 1 0 0 0 -1 1 0 0 2-4ring1.dat
1 16 -2.897 -60 11 0.0472 1 0 0 0 -1 1 0 0 2-4ring2.dat
1 16 2.897 -60 11 -0.0472 -1 0 0 0 -1 1 0 0 2-4ring1.dat
1 16 2.897 -60 11 -0.0472 -1 0 0 0 -1 1 0 0 2-4ring2.dat
4 16 -3.9351 -60 -11 -3.9351 -74 -11 -3.84071 -74.8108 -9 -3.84071 -62 -9
4 16 3.84071 -62 -9 3.84071 -74.8108 -9 3.9351 -74 -11 3.9351 -60 -11
4 16 -3.03835 -60 8 -3.9351 -60 -11 -3.84071 -62 -9 -3.02757 -61.1481 8.2284
3 16 -3.02757 -61.1481 8.2284 -3.84071 -62 -9 -3.0007 -62 8.7976
4 16 3.02757 -61.1481 8.2284 3.84071 -62 -9 3.9351 -60 -11 3.03835 -60 8
3 16 3.0007 -62 8.7976 3.84071 -62 -9 3.02757 -61.1481 8.2284
4 16 -2.76594 -61.1481 13.7716 -2.0944 -62 28 -2.0944 -60 28 -2.75516 -60 14
3 16 -2.79281 -62 13.2024 -2.0944 -62 28 -2.76594 -61.1481 13.7716
4 16 2.75516 -60 14 2.0944 -60 28 2.0944 -62 28 2.76594 -61.1481 13.7716
3 16 2.76594 -61.1481 13.7716 2.0944 -62 28 2.79281 -62 13.2024
4 16 -3.94947 -75.5308 -11.3044 -3.8409 -76.7899 -9.004 -3.84071 -74.8108 -9 -3.9351 -74 -11
3 16 -3.9904 -76.8284 -12.1716 -3.8409 -76.7899 -9.004 -3.94947 -75.5308 -11.3044
3 16 -4 -76.9644 -12.375 -3.8409 -76.7899 -9.004 -3.9904 -76.8284 -12.1716
4 16 3.9351 -74 -11 3.84071 -74.8108 -9 3.8409 -76.7899 -9.004 3.94947 -75.5308 -11.3044
3 16 3.94947 -75.5308 -11.3044 3.8409 -76.7899 -9.004 3.9904 -76.8284 -12.1716
3 16 3.9904 -76.8284 -12.1716 3.8409 -76.7899 -9.004 4 -76.9644 -12.375
4 16 -3.8409 -76.7899 -9.004 -3.36037 -75.3687 1.1771 -3.37916 -73.4458 0.7791 -3.84071 -74.8108 -9
4 16 3.84071 -74.8108 -9 3.37916 -73.4458 0.7791 3.36037 -75.3687 1.1771 3.8409 -76.7899 -9.004
4 16 -2.92325 -70.7753 10.4387 -3.37916 -73.4458 0.7791 -3.36037 -75.3687 1.1771 -2.89278 -72.6297 11.0843
4 16 2.89278 -72.6297 11.0843 3.36037 -75.3687 1.1771 3.37916 -73.4458 0.7791 2.92325 -70.7753 10.4387
4 16 -2.48752 -66.8702 19.6708 -2.92325 -70.7753 10.4387 -2.89278 -72.6297 11.0843 -2.44588 -68.6246 20.553
4 16 2.44588 -68.6246 20.553 2.89278 -72.6297 11.0843 2.92325 -70.7753 10.4387 2.48752 -66.8702 19.6708
4 16 -2.44588 -68.6246 20.553 -2.02765 -63.4135 29.4142 -2.0966 -62 27.9534 -2.48752 -66.8702 19.6708
4 16 2.48752 -66.8702 19.6708 2.0966 -62 27.9534 2.02765 -63.4135 29.4142 2.44588 -68.6246 20.553
3 16 -2.0966 -62 27.9534 -2.02765 -63.4135 29.4142 -2.0944 -62 28
3 16 2.0944 -62 28 2.02765 -63.4135 29.4142 2.0966 -62 27.9534
4 16 -3.18391 -72.3028 4.9158 -3.08968 -71.7511 6.9124 -3.36113 -62 1.161 -3.47073 -62 -1.161
4 16 3.47073 -62 -1.161 3.36113 -62 1.161 3.08968 -71.7511 6.9124 3.18391 -72.3028 4.9158
5 24 2.0944 -60 28 -2.0944 -60 28 5 -60 27.1716 5 -60.1522 28.7654
5 24 2.05827 -60.1522 28.7654 -2.05827 -60.1522 28.7654 5 -60 28 5 -60.5858 29.4142
5 24 2.02765 -60.5858 29.4142 -2.02765 -60.5858 29.4142 5 -60.1522 28.7654 5 -61.2346 29.8478
5 24 2.00718 -61.2346 29.8478 -2.00718 -61.2346 29.8478 5 -60.5858 29.4142 5 -62 30
5 24 2 -62 30 -2 -62 30 5 -61.2346 29.8478 5 -62.7654 29.8478
5 24 2.00718 -62.7654 29.8478 -2.00718 -62.7654 29.8478 5 -62 30 5 -63.4134 29.4142
5 24 2.02765 -63.4135 29.4142 -2.02765 -63.4135 29.4142 5 -62.7654 29.8478 5 -68.6251 20.5534
5 24 2.84956 -60 12 -2.84956 -60 12 5 -59.5858 12 5 -60.3827 11.9239
5 24 2.85315 -60.3827 11.9239 -2.85315 -60.3827 11.9239 5 -60 12 5 -60.7071 11.7071
5 24 2.86338 -60.7071 11.7071 -2.86338 -60.7071 11.7071 5 -60.3827 11.9239 5 -60.9239 11.3827
5 24 2.87869 -60.9239 11.3827 -2.87869 -60.9239 11.3827 5 -60.7071 11.7071 5 -61 11
5 24 2.89676 -61 11 -2.89676 -61 11 5 -60.9239 11.3827 5 -60.9239 10.6173
5 24 2.91482 -60.9239 10.6173 -2.91482 -60.9239 10.6173 5 -61 11 5 -60.7071 10.2929
5 24 2.93013 -60.7071 10.2929 -2.93013 -60.7071 10.2929 5 -60.9239 10.6173 5 -60.3827 10.0761
5 24 2.94036 -60.3827 10.0761 -2.94036 -60.3827 10.0761 5 -60.7071 10.2929 5 -60 10
5 24 2.94395 -60 10 -2.94395 -60 10 5 -60.3827 10.0761 5 -59.5858 10
5 24 -2.79664 -62.1213 13.1213 -2 -62.1213 13.1213 -5 -62.7717 12.1481 -5 -60 15.2426
5 24 -2.84257 -62.7717 12.1481 -2 -62.7717 12.1481 -5 -63 11 -5 -62.1213 13.1213
5 24 -2.89676 -63 11 -2 -63 11 -5 -62.7717 9.8519 -5 -62.7717 12.1481
5 24 -2.95094 -62.7717 9.8519 -2 -62.7717 9.8519 -5 -62.1213 8.8787 -5 -63 11
5 24 -2.99688 -62.1213 8.8787 -2 -62.1213 8.8787 -5 -62.7717 9.8519 -5 -60 6.7574
5 24 2.79664 -62.1213 13.1213 2 -62.1213 13.1213 5 -62.7717 12.1481 5 -60 15.2426
5 24 2.84257 -62.7717 12.1481 2 -62.7717 12.1481 5 -63 11 5 -62.1213 13.1213
5 24 2.89676 -63 11 2 -63 11 5 -62.7717 9.8519 5 -62.7717 12.1481
5 24 2.95094 -62.7717 9.8519 2 -62.7717 9.8519 5 -62.1213 8.8787 5 -63 11
5 24 2.99688 -62.1213 8.8787 2 -62.1213 8.8787 5 -62.7717 9.8519 5 -60 6.7574
5 24 -2 -74.8317 -9.1477 -3.84768 -74.8317 -9.1477 -2 -75.5695 -19.2044 -2 -73.4429 0.7768
5 24 -2 -73.4429 0.7768 -3.37927 -73.4429 0.7768 -2 -74.8317 -9.1477 -2 -70.7749 10.4383
5 24 -2 -70.7749 10.4383 -2.92325 -70.7753 10.4387 -2 -73.4429 0.7768 -2 -66.8707 19.6711
5 24 -2 -66.8707 19.6711 -2.48752 -66.8702 19.6708 -2 -70.7749 10.4383 -2 -61.7884 28.3104
5 24 -2 -61.7884 28.3104 -2.07975 -61.7884 28.3104 -2 -66.8707 19.6711 -2 -56.1204 36.6609
5 24 2 -74.8317 -9.1477 3.84768 -74.8317 -9.1477 2 -75.5695 -19.2044 2 -73.4429 0.7768
5 24 2 -73.4429 0.7768 3.37927 -73.4429 0.7768 2 -74.8317 -9.1477 2 -70.7749 10.4383
5 24 2 -70.7749 10.4383 2.92325 -70.7753 10.4387 2 -73.4429 0.7768 2 -66.8707 19.6711
5 24 2 -66.8707 19.6711 2.48752 -66.8702 19.6708 2 -70.7749 10.4383 2 -61.7884 28.3104
5 24 2 -61.7884 28.3104 2.07975 -61.7884 28.3104 2 -66.8707 19.6711 2 -56.1204 36.6609
5 24 3.8409 -76.7899 -9.004 -3.8409 -76.7899 -9.004 5 -77.5468 -19.3184 5 -75.3657 1.1748
5 24 3.36048 -75.3657 1.1748 -3.36048 -75.3657 1.1748 5 -76.7901 -9.004 5 -72.6293 11.0839
5 24 2.89278 -72.6297 11.0843 -2.89278 -72.6297 11.0843 5 -75.3657 1.1748 5 -68.6251 20.5534
5 24 2.44588 -68.6246 20.553 -2.44588 -68.6246 20.553 5 -72.6293 11.0839 5 -63.4134 29.4142
5 24 3.9351 -74 -11 -3.9351 -74 -11 5 -72.3432 -11 5 -75.5308 -11.3044
5 24 3.94947 -75.5308 -11.3044 -3.94947 -75.5308 -11.3044 5 -74 -11 5 -76.8284 -12.1716
5 24 3.9904 -76.8284 -12.1716 -3.9904 -76.8284 -12.1716 5 -75.5308 -11.3044 5 -77.6956 -13.4692

2 24 2.05827 -60.1522 28.7654 2.0944 -60 28
2 24 -2.0944 -60 28 -2.05827 -60.1522 28.7654
2 24 -2.05827 -60.1522 28.7654 -2.02765 -60.5858 29.4142
2 24 2.02765 -60.5858 29.4142 2.05827 -60.1522 28.7654
2 24 -2.02765 -60.5858 29.4142 -2.00718 -61.2346 29.8478
2 24 2.00718 -61.2346 29.8478 2.02765 -60.5858 29.4142
2 24 -2.00718 -61.2346 29.8478 -2 -62 30
2 24 2 -62 30 2.00718 -61.2346 29.8478
2 24 -2 -62 30 -2.00718 -62.7654 29.8478
2 24 2.00718 -62.7654 29.8478 2 -62 30
2 24 2.02765 -63.4135 29.4142 2.00718 -62.7654 29.8478
2 24 -2.00718 -62.7654 29.8478 -2.02765 -63.4135 29.4142
2 24 -2.85315 -60.3827 11.9239 -2.84956 -60 12
2 24 2.84956 -60 12 2.85315 -60.3827 11.9239
2 24 2.85315 -60.3827 11.9239 2.86338 -60.7071 11.7071
2 24 -2.86338 -60.7071 11.7071 -2.85315 -60.3827 11.9239
2 24 -2.87869 -60.9239 11.3827 -2.86338 -60.7071 11.7071
2 24 2.86338 -60.7071 11.7071 2.87869 -60.9239 11.3827
2 24 -2.89676 -61 11 -2.87869 -60.9239 11.3827
2 24 2.87869 -60.9239 11.3827 2.89676 -61 11
2 24 2.89676 -61 11 2.91482 -60.9239 10.6173
2 24 -2.91482 -60.9239 10.6173 -2.89676 -61 11
2 24 2.91482 -60.9239 10.6173 2.93013 -60.7071 10.2929
2 24 -2.93013 -60.7071 10.2929 -2.91482 -60.9239 10.6173
2 24 -2.94036 -60.3827 10.0761 -2.93013 -60.7071 10.2929
2 24 2.93013 -60.7071 10.2929 2.94036 -60.3827 10.0761
2 24 -2.94395 -60 10 -2.94036 -60.3827 10.0761
2 24 2.94036 -60.3827 10.0761 2.94395 -60 10
2 24 -2.79664 -62.1213 13.1213 -2.84257 -62.7717 12.1481
2 24 -2 -62.7717 12.1481 -2 -62.1213 13.1213
2 24 -2.84257 -62.7717 12.1481 -2.89676 -63 11
2 24 -2 -63 11 -2 -62.7717 12.1481
2 24 -2 -62.7717 9.8519 -2 -63 11
2 24 -2.89676 -63 11 -2.95094 -62.7717 9.8519
2 24 -2 -62.1213 8.8787 -2 -62.7717 9.8519
2 24 -2.95094 -62.7717 9.8519 -2.99688 -62.1213 8.8787
2 24 2 -62.1213 13.1213 2 -62.7717 12.1481
2 24 2.84257 -62.7717 12.1481 2.79664 -62.1213 13.1213
2 24 2.89676 -63 11 2.84257 -62.7717 12.1481
2 24 2 -62.7717 12.1481 2 -63 11
2 24 2.95094 -62.7717 9.8519 2.89676 -63 11
2 24 2 -63 11 2 -62.7717 9.8519
2 24 2.99688 -62.1213 8.8787 2.95094 -62.7717 9.8519
2 24 2 -62.7717 9.8519 2 -62.1213 8.8787
2 24 -2 -73.4429 0.7768 -2 -74.8108 -9
2 24 -3.84071 -74.8108 -9 -3.37927 -73.4429 0.7768
2 24 -2 -72.3028 4.9158 -2 -73.4429 0.7768
2 24 -3.37927 -73.4429 0.7768 -3.18391 -72.3028 4.9158
2 24 -3.08968 -71.7511 6.9124 -2.92325 -70.7753 10.4387
2 24 -2 -70.7749 10.4383 -2 -71.7511 6.9124
2 24 -2 -66.8707 19.6711 -2 -70.7749 10.4383
2 24 -2.92325 -70.7753 10.4387 -2.48752 -66.8702 19.6708
2 24 -2 -62 27.9534 -2 -66.8707 19.6711
2 24 -2.48752 -66.8702 19.6708 -2.0966 -62 27.9534
2 24 2 -74.8108 -9 2 -73.4429 0.7768
2 24 3.37927 -73.4429 0.7768 3.84071 -74.8108 -9
2 24 2 -73.4429 0.7768 2 -72.3028 4.9158
2 24 3.18391 -72.3028 4.9158 3.37927 -73.4429 0.7768
2 24 2 -71.7511 6.9124 2 -70.7749 10.4383
2 24 2.92325 -70.7753 10.4387 3.08968 -71.7511 6.9124
2 24 2 -70.7749 10.4383 2 -66.8707 19.6711
2 24 2.48752 -66.8702 19.6708 2.92325 -70.7753 10.4387
2 24 2 -66.8707 19.6711 2 -62 27.9534
2 24 2.0966 -62 27.9534 2.48752 -66.8702 19.6708
2 24 3.8409 -76.7899 -9.004 3.36048 -75.3657 1.1748
2 24 -3.36048 -75.3657 1.1748 -3.8409 -76.7899 -9.004
2 24 -2.89278 -72.6297 11.0843 -3.36048 -75.3657 1.1748
2 24 3.36048 -75.3657 1.1748 2.89278 -72.6297 11.0843
2 24 -2.44588 -68.6246 20.553 -2.89278 -72.6297 11.0843
2 24 2.89278 -72.6297 11.0843 2.44588 -68.6246 20.553
2 24 -2.02765 -63.4135 29.4142 -2.44588 -68.6246 20.553
2 24 2.44588 -68.6246 20.553 2.02765 -63.4135 29.4142
2 24 4 -76.9644 -12.375 3.8409 -76.7899 -9.004
2 24 -3.8409 -76.7899 -9.004 -4 -76.9644 -12.375
2 24 -4 -76.9644 -12.375 4 -76.9644 -12.375
2 24 -2 -62 -9 -2 -62 -1.161
2 24 -3.47073 -62 -1.161 -3.84071 -62 -9
2 24 2 -62 -1.161 2 -62 -9
2 24 3.84071 -62 -9 3.47073 -62 -1.161
2 24 -3.18391 -72.3028 4.9158 -3.47073 -62 -1.161
2 24 -2 -62 -1.161 -2 -72.3028 4.9158
2 24 2 -72.3028 4.9158 2 -62 -1.161
2 24 3.47073 -62 -1.161 3.18391 -72.3028 4.9158
2 24 -2 -71.7511 6.9124 -2 -62 1.161
2 24 -3.36113 -62 1.161 -3.08968 -71.7511 6.9124
2 24 3.08968 -71.7511 6.9124 3.36113 -62 1.161
2 24 2 -62 1.161 2 -71.7511 6.9124
2 24 -3.0007 -62 8.7976 -3.36113 -62 1.161
2 24 -2 -62 1.161 -2 -62 8.7976
2 24 2 -62 8.7976 2 -62 1.161
2 24 3.36113 -62 1.161 3.0007 -62 8.7976
2 24 -2.99688 -62.1213 8.8787 -3.0007 -62 8.7976
2 24 -2 -62 8.7976 -2 -62.1213 8.8787
2 24 3.0007 -62 8.7976 2.99688 -62.1213 8.8787
2 24 2 -62.1213 8.8787 2 -62 8.7976
2 24 -2 -62.1213 13.1213 -2 -62 13.2024
2 24 -2.79281 -62 13.2024 -2.79664 -62.1213 13.1213
2 24 2 -62 13.2024 2 -62.1213 13.1213
2 24 2.79664 -62.1213 13.1213 2.79281 -62 13.2024
2 24 -2.0966 -62 27.9534 -2.79281 -62 13.2024
2 24 -2 -62 13.2024 -2 -62 27.9534
2 24 2.79281 -62 13.2024 2.0966 -62 27.9534
2 24 2 -62 27.9534 2 -62 13.2024
2 24 2.0944 -60 28 2.84956 -60 12
2 24 -2.84956 -60 12 -2.0944 -60 28
2 24 -3.9351 -60 -11 -2.94395 -60 10
2 24 2.94395 -60 10 3.9351 -60 -11
2 24 3.9351 -74 -11 3.94947 -75.5308 -11.3044
2 24 -3.94947 -75.5308 -11.3044 -3.9351 -74 -11
2 24 -3.9904 -76.8284 -12.1716 -3.94947 -75.5308 -11.3044
2 24 3.94947 -75.5308 -11.3044 3.9904 -76.8284 -12.1716
2 24 3.9904 -76.8284 -12.1716 4 -76.9644 -12.375
2 24 -4 -76.9644 -12.375 -3.9904 -76.8284 -12.1716
2 24 -2 -62 -1.161 -3.47073 -62 -1.161
2 24 -3.18391 -72.3028 4.9158 -2 -72.3028 4.9158
2 24 2 -72.3028 4.9158 3.18391 -72.3028 4.9158
2 24 3.47073 -62 -1.161 2 -62 -1.161
2 24 -2 -71.7511 6.9124 -3.08968 -71.7511 6.9124
2 24 3.08968 -71.7511 6.9124 2 -71.7511 6.9124
2 24 -2 -62 1.161 -3.36113 -62 1.161
2 24 3.36113 -62 1.161 2 -62 1.161
2 24 -2 -62 8.7976 -3.0007 -62 8.7976
2 24 3.0007 -62 8.7976 2 -62 8.7976
2 24 -2.0966 -62 27.9534 -2 -62 27.9534
2 24 -2 -62 13.2024 -2.79281 -62 13.2024
2 24 2.79281 -62 13.2024 2 -62 13.2024
2 24 2 -62 27.9534 2.0966 -62 27.9534
2 24 2.84956 -60 12 -2.84956 -60 12
4 16 -2 -62 1.161 -2 -71.7511 6.9124 -2 -70.7749 10.4383 -2 -66.8707 19.6711
3 16 -2 -66.8707 19.6711 -2 -62 27.9534 -2 -62 1.161
4 16 -2 -62 -1.161 -2 -62 -9 -2 -74.8108 -9 -2 -73.4429 0.7768
3 16 -2 -73.4429 0.7768 -2 -72.3028 4.9158 -2 -62 -1.161
4 16 2 -66.8707 19.6711 2 -70.7749 10.4383 2 -71.7511 6.9124 2 -62 1.161
3 16 2 -62 1.161 2 -62 27.9534 2 -66.8707 19.6711
4 16 2 -73.4429 0.7768 2 -74.8108 -9 2 -62 -9 2 -62 -1.161
3 16 2 -62 -1.161 2 -72.3028 4.9158 2 -73.4429 0.7768
0 // cone
0 BFC INVERTNEXT
1 16 0 -40 -80 0 0 -17.5 -17.5 0 0 0 7.20129 0 3-16cylo.dat
0 BFC INVERTNEXT
1 16 0 -40 -80 0 0 17.5 -17.5 0 0 0 7.20129 0 3-16cylo.dat
0 BFC INVERTNEXT
1 16 0 -40 -71.399 -2.3097 0 0.956709 -0.956709 0 -2.3097 0 1.39936 0 3-8con5.dat
0 BFC INVERTNEXT
1 16 0 -40 -72.799 -2.3097 0 0.956709 -0.956709 0 -2.3097 0 1.39936 0 3-8con6.dat
1 16 0 -40 -70 11.5485 0 -4.78354 -4.78354 0 -11.5485 0 1 0 3-8edge.dat
1 16 0 -40 -70 2.77164 0 -1.14805 -1.14805 0 -2.77164 0 1 0 3-8ring3.dat
1 16 0 -40 -70 0.46194 0 -0.191342 -0.191342 0 -0.46194 0 1 0 3-8rin24.dat
1 16 0 -40 -77.364 0 0 -19.9999 -19.9999 0 0 0 6.0818 0 3-16cylo.dat
1 16 0 -40 -77.364 0 0 20 -20 0 0 0 6.0818 0 3-16cylo.dat
1 16 0 -40 -71.002 -6.00522 0 2.48744 -2.48744 0 -6.00522 0 3.63833 0 3-8con2.dat
1 16 0 -40 -71.282 -0.46194 0 0.191342 -0.191342 0 -0.46194 0 0.27987 0 3-8con39.dat
1 16 0 -40 -67.364 -2.77164 0 1.14805 -1.14805 0 -2.77164 0 -1 0 3-8ring3.dat
1 16 0 -40 -67.364 -0.92388 0 0.382683 -0.382683 0 -0.92388 0 -1 0 3-8rin12.dat
1 16 0 -40 -67.364 -12.0104 0 4.97488 -4.97488 0 -12.0104 0 -1 0 3-8edge.dat
1 16 0 -40 -80 2.3097 0 -0.956709 -0.956709 0 -2.3097 0 1 0 3-8ring7.dat

2 24 -16.815 -43.4442 -72.799 -16.168 -46.697 -72.799
2 24 -16.815 -43.4442 -80 -16.168 -46.697 -80
2 24 16.815 -43.4442 -72.799 16.168 -46.697 -72.799
2 24 16.815 -43.4442 -80 16.168 -46.697 -80
2 24 11.8153 -43.4442 -70 11.549 -44.784 -70
2 24 -11.549 -44.784 -70 -11.8153 -43.4442 -70
3 16 11.3152 -43.4442 -70 11.087 -44.592 -70 8.315 -43.444 -70
2 24 -19.3151 -43.4442 -71.282 -18.478 -47.654 -71.282
2 24 -19.3151 -43.4442 -80 -18.478 -47.654 -80
2 24 19.3151 -43.4442 -71.282 18.478 -47.654 -71.282
2 24 19.3151 -43.4442 -80 18.478 -47.654 -80
3 16 -8.315 -43.444 -67.364 -11.3152 -43.4442 -67.364 -11.087 -44.592 -67.364
2 24 -12.3153 -43.4442 -67.364 -12.011 -44.975 -67.364
2 24 12.011 -44.975 -67.364 12.3153 -43.4442 -67.364
4 16 -16.168 -46.697 -80 -16.815 -43.4442 -80 -16.815 -43.4442 -72.799 -16.168 -46.697 -72.799
4 16 16.815 -43.4442 -72.799 16.815 -43.4442 -80 16.168 -46.697 -80 16.168 -46.697 -72.799
4 16 -13.859 -45.74 -71.399 -14.3154 -43.4442 -71.399 -11.8153 -43.4442 -70 -11.549 -44.784 -70
4 16 11.549 -44.784 -70 11.8153 -43.4442 -70 14.3154 -43.4442 -71.3995 13.859 -45.74 -71.3995
4 16 -14.3154 -43.4442 -71.399 -13.859 -45.74 -71.399 -16.168 -46.697 -72.799 -16.815 -43.4442 -72.799
4 16 16.168 -46.697 -72.799 13.859 -45.74 -71.3995 14.3154 -43.4442 -71.3995 16.815 -43.4442 -72.799
3 16 -11.3152 -43.4442 -70 -8.315 -43.444 -70 -11.087 -44.592 -70
4 16 11.8153 -43.4442 -70 11.549 -44.784 -70 11.087 -44.592 -70 11.3152 -43.4442 -70
4 16 -11.8153 -43.4442 -70 -11.3152 -43.4442 -70 -11.087 -44.592 -70 -11.549 -44.784 -70
4 16 -19.3151 -43.4442 -71.282 -19.3151 -43.4442 -80 -18.478 -47.654 -80 -18.478 -47.654 -71.282
4 16 18.478 -47.654 -80 19.3151 -43.4442 -80 19.3151 -43.4442 -71.282 18.478 -47.654 -71.282
4 16 -12.011 -44.975 -67.364 -12.3153 -43.4442 -67.364 -18.8151 -43.4442 -71.002 -18.016 -47.463 -71.002
4 16 18.016 -47.463 -71.002 18.8151 -43.4442 -71.002 12.3153 -43.4442 -67.364 12.011 -44.975 -67.364
4 16 -18.478 -47.654 -71.282 -18.016 -47.463 -71.002 -18.8151 -43.4442 -71.002 -19.3151 -43.4442 -71.282
4 16 19.3151 -43.4442 -71.282 18.8151 -43.4442 -71.002 18.016 -47.463 -71.002 18.478 -47.654 -71.282
3 16 8.315 -43.444 -67.364 11.087 -44.592 -67.364 11.3152 -43.4442 -67.364
4 16 -12.011 -44.975 -67.364 -11.087 -44.592 -67.364 -11.3152 -43.4442 -67.364 -12.3153 -43.4442 -67.364
4 16 11.3152 -43.4442 -67.364 11.087 -44.592 -67.364 12.011 -44.975 -67.364 12.3153 -43.4442 -67.364
4 16 18.478 -47.654 -80 16.168 -46.697 -80 16.815 -43.4442 -80 19.3151 -43.4442 -80
4 16 -18.478 -47.654 -80 -19.3151 -43.4442 -80 -16.815 -43.4442 -80 -16.168 -46.697 -80
5 24 -16.168 -46.697 -72.799 -16.168 -46.697 -80 -17.5 -40 -72.799 -13.395 -53.394 -72.799
5 24 16.168 -46.697 -72.799 16.168 -46.697 -80 17.5 -40 -72.799 13.395 -53.394 -72.799
5 24 -11.549 -44.784 -70 -13.859 -45.74 -71.399 -12.5 -40 -70 -9.567 -49.567 -70
5 24 11.549 -44.784 -70 13.859 -45.74 -71.3995 12.5 -40 -70 9.567 -49.567 -70
5 24 -13.859 -45.74 -71.399 -16.168 -46.697 -72.799 -15 -40 -71.399 -11.481 -51.48 -71.399
5 24 13.859 -45.74 -71.3995 16.168 -46.697 -72.799 15 -40 -71.4 11.481 -51.48 -71.4
5 24 -18.478 -47.654 -71.282 -18.478 -47.654 -80 -20 -40 -71.282 -15.308 -55.308 -71.282
5 24 18.478 -47.654 -71.282 18.478 -47.654 -80 20 -40 -71.282 15.308 -55.308 -71.282
5 24 -12.011 -44.975 -67.364 -18.016 -47.463 -71.002 -13 -40 -67.364 -9.95 -49.95 -67.364
5 24 12.011 -44.975 -67.364 18.016 -47.463 -71.002 13 -40 -67.364 9.95 -49.95 -67.364
5 24 -18.016 -47.463 -71.002 -18.478 -47.654 -71.282 -19.5 -40 -71.002 -14.925 -54.925 -71.002
5 24 18.016 -47.463 -71.002 18.478 -47.654 -71.282 19.5 -40 -71.002 14.925 -54.925 -71.002

2 24 9 -49.3204 -67.3639 9 -57.5777 -71.2818
2 24 -9 -57.5775 -71.2819 -9 -49.3204 -67.3639
2 24 -9 -57.5775 -71.2819 -9 -58.776 -68.7566
2 24 9 -57.5777 -71.2818 9 -58.776 -68.7566
1 16 0 -50.4281 -65.0298 0 0 -9 1.10772 -1 6e-06 -2.33417 0 -4.5e-05 rect.dat
4 16 9 -57.5777 -71.2818 9 -49.3204 -67.3639 9 -56.5557 -68.3151 9 -58.776 -68.7566
3 16 9 -49.3204 -67.3639 9 -51.5358 -62.6956 9 -51.6849 -63.4443
3 16 9 -53.6361 -66.3639 9 -49.3204 -67.3639 9 -51.6849 -63.4443
3 16 9 -56.5557 -68.3151 9 -49.3204 -67.3639 9 -53.6361 -66.3639
4 16 -9 -57.5775 -71.2819 -9 -54.5438 -66.9705 -9 -53.6361 -66.3639 -9 -49.3204 -67.3639
3 16 -9 -53.6361 -66.3639 -9 -51.6849 -63.4443 -9 -49.3204 -67.3639
3 16 -9 -51.5358 -62.6957 -9 -49.3204 -67.3639 -9 -51.6849 -63.4443
3 16 -9 -57.5775 -71.2819 -7.36429 -57.7786 -70.8584 -9 -58.776 -68.7566
4 16 9 -58.776 -68.7566 -9 -58.776 -68.7566 -7.36429 -57.7786 -70.8584 0 -58.0859 -70.2108
3 16 0 -58.0859 -70.2108 7.36429 -57.7786 -70.8584 9 -58.776 -68.7566
3 16 9 -57.5777 -71.2818 9 -58.776 -68.7566 7.36429 -57.7786 -70.8584
3 16 -9 -58.776 -68.7566 -9 -56.5557 -68.3151 -9 -57.5775 -71.2819
3 16 -9 -57.5775 -71.2819 -9 -56.5557 -68.3151 -9 -54.5438 -66.9705
2 24 9 -56.5557 -68.3151 9 -58.776 -68.7566
2 24 9 -51.5358 -62.6956 9 -51.6849 -63.4443
2 24 9 -51.6849 -63.4443 9 -53.6361 -66.3639
2 24 9 -53.6361 -66.3639 9 -56.5557 -68.3151
2 24 -9 -54.5438 -66.9705 -9 -53.6361 -66.3639
2 24 -9 -53.6361 -66.3639 -9 -51.6849 -63.4443
2 24 -9 -51.6849 -63.4443 -9 -51.5358 -62.6957
2 24 -9 -51.5358 -62.6957 -9 -51.6507 -63.2721
2 24 -9 -57.5775 -71.2819 -7.36429 -57.7786 -70.8584
2 24 9 -58.776 -68.7566 -9 -58.776 -68.7566
2 24 -7.36429 -57.7786 -70.8584 0 -58.0859 -70.2108
2 24 0 -58.0859 -70.2108 7.36429 -57.7786 -70.8584
2 24 7.36429 -57.7786 -70.8584 9 -57.5777 -71.2818
2 24 -9 -58.776 -68.7566 -9 -56.5557 -68.3151
2 24 -9 -56.5557 -68.3151 -9 -54.5438 -66.9705
1 16 0 -40 -77.364 -14.1421 0 14.1421 -14.1421 0 -14.1421 0 -1 0 1-8ndis.dat
1 16 0 -40 -77.364 14.1421 0 -14.1421 -14.1421 0 -14.1421 0 -1 0 1-8ndis.dat
1 16 0 -40 -80 -14.1421 0 14.1421 -14.1421 0 -14.1421 0 1 0 1-8ndis.dat
1 16 0 -40 -80 14.1421 0 -14.1421 -14.1421 0 -14.1421 0 1 0 1-8ndis.dat
3 16 -9 -70 -77.364 -14.1421 -54.1421 -77.364 -18.4776 -47.6537 -77.364
3 16 -9 -70 -77.364 0 -68.2843 -77.364 -14.1421 -54.1421 -77.364
3 16 14.1421 -54.1421 -77.364 0 -68.2843 -77.364 9 -70 -77.364
3 16 18.4776 -47.6537 -77.364 14.1421 -54.1421 -77.364 9 -70 -77.364
3 16 9 -70 -77.364 0 -68.2843 -77.364 -9 -70 -77.364
3 16 -18.478 -47.654 -80 -14.1421 -54.1421 -80 -9 -70 -80
3 16 -14.1421 -54.1421 -80 0 -68.2843 -80 -9 -70 -80
3 16 9 -70 -80 0 -68.2843 -80 14.1421 -54.1421 -80
3 16 9 -70 -80 14.1421 -54.1421 -80 18.478 -47.654 -80
3 16 -9 -70 -80 0 -68.2843 -80 9 -70 -80
1 16 -13.7389 -58.8269 -78.682 -0.0002 1 4.7388 -0.00015 0 -11.1732 -1.318 0 0 rect3.dat
1 16 13.7389 -58.8269 -78.682 -0.0002 -1 -4.739 0.00015 0 -11.173 1.318 0 0 rect3.dat
1 16 0 -70.5 -80 9 0 0 0 0 -0.5 0 1 0 rect3.dat
4 16 9 -71 -80 9 -70 -80 9 -70 -77.364 9 -71.5243 -77.364
4 16 -9 -70 -80 -9 -71 -80 -9 -71.5243 -77.364 -9 -70 -77.364
1 16 -5.5 -70.2379 -77.364 -3.5 0 0 0 0 -0.23785 0 -1 0 rect1.dat
1 16 5.5 -70.2379 -77.364 3.5 0 0 0 0 0.23785 0 -1 0 rect1.dat
3 16 -2 -70.1627 -75.7905 -2 -59.6022 -77.364 -2 -70.4757 -77.364
4 16 -2 -59.6022 -77.364 -2 -70.1627 -75.7905 -2 -60 -69 -2 -59.6022 -71.2822
4 16 -2 -59.6022 -71.2822 -2 -60 -69 -2 -58.7765 -68.7566 -2 -58.0028 -70.387
3 16 2 -70.4757 -77.364 2 -59.6022 -77.364 2 -70.1627 -75.7905
4 16 2 -59.6022 -71.2822 2 -60 -69 2 -70.1627 -75.7905 2 -59.6022 -77.364
4 16 2 -58.0028 -70.387 2 -58.7765 -68.7566 2 -60 -69 2 -59.6022 -71.2822
2 24 -2 -59.6022 -77.364 -2 -70.4757 -77.364
2 24 2 -59.6022 -77.364 2 -70.4757 -77.364
2 24 -2 -60 -69 -2 -58.7765 -68.7566
2 24 2 -60 -69 2 -58.7765 -68.7566
2 24 -2 -58.7765 -68.7566 -2 -58.0028 -70.387
2 24 2 -58.7765 -68.7566 2 -58.0028 -70.387
2 24 -2 -58.0028 -70.387 -2 -59.6022 -71.2822
2 24 2 -58.0028 -70.387 2 -59.6022 -71.2822
2 24 -2 -59.6022 -71.2822 -2 -59.6022 -77.364
2 24 2 -59.6022 -71.2822 2 -59.6022 -77.364
3 16 -9 -40 -70 -8.315 -43.444 -70 -9 -43.4442 -70
3 16 -9 -43.4442 -67.364 -8.315 -43.444 -67.364 -9 -40 -67.364
1 16 -9 -41.7221 -68.682 0 1 0 0 0 -1.7221 -1.318 0 0 rect3.dat
2 24 -9 -40 -67.364 -8.315 -43.444 -67.364
3 16 9 -43.4442 -70 8.315 -43.444 -70 9 -40 -70
3 16 9 -40 -67.364 8.315 -43.444 -67.364 9 -43.4442 -67.364
1 16 9 -41.7221 -68.682 0 -1 0 0 0 -1.7221 1.318 0 0 rect3.dat
2 24 9 -40 -67.364 8.315 -43.444 -67.364
4 16 -19.3151 -43.4442 -71.282 -16.815 -43.4442 -72.799 -16.815 -43.4442 -80 -19.3151 -43.4442 -80
4 16 -16.815 -43.4442 -72.799 -19.3151 -43.4442 -71.282 -12.3153 -43.4442 -67.364 -11.8153 -43.4442 -70
4 16 -11.8153 -43.4442 -70 -12.3153 -43.4442 -67.364 -9 -43.4442 -67.364 -9 -43.4442 -70
4 16 19.3151 -43.4442 -80 16.815 -43.4442 -80 16.815 -43.4442 -72.799 19.3151 -43.4442 -71.282
4 16 11.8153 -43.4442 -70 12.3153 -43.4442 -67.364 19.3151 -43.4442 -71.282 16.815 -43.4442 -72.799
4 16 9 -43.4442 -70 9 -43.4442 -67.364 12.3153 -43.4442 -67.364 11.8153 -43.4442 -70
2 24 -16.815 -43.4442 -72.799 -16.815 -43.4442 -80
2 24 -16.815 -43.4442 -80 -19.3151 -43.4442 -80
2 24 -19.3151 -43.4442 -80 -19.3151 -43.4442 -71.282
2 24 -19.3151 -43.4442 -71.282 -12.3153 -43.4442 -67.364
2 24 -11.8153 -43.4442 -70 -16.815 -43.4442 -72.799
2 24 -12.3153 -43.4442 -67.364 -9 -43.4442 -67.364
2 24 -9 -43.4442 -70 -11.8153 -43.4442 -70
2 24 19.3151 -43.4442 -80 16.815 -43.4442 -80
2 24 16.815 -43.4442 -80 16.815 -43.4442 -72.799
2 24 19.3151 -43.4442 -71.282 19.3151 -43.4442 -80
2 24 12.3153 -43.4442 -67.364 19.3151 -43.4442 -71.282
2 24 16.815 -43.4442 -72.799 11.8153 -43.4442 -70
2 24 9 -43.4442 -67.364 12.3153 -43.4442 -67.364
2 24 11.8153 -43.4442 -70 9 -43.4442 -70
0 // rods
1 16 0 -80 -34.5 3 0 0 0 -5.25628 2.86734 0 -17.0829 -0.882256 4-4cyli.dat
1 16 0 -80 -34.5 3 0 0 0 -5.25628 2.86734 0 -17.0829 -0.882256 4-4disc.dat
1 16 0 -80 -34.5 3 0 0 0 -5.25628 2.86734 0 -17.0829 -0.882256 4-4edge.dat
1 16 0 -80 -34.5 2 0 0 0 0.294085 1.91156 0 0.955779 -0.588171 4-4edge.dat
1 16 0 -80 -34.5 2 0 0 0 5.00639 1.91156 0 16.2708 -0.588171 4-4cyli.dat
1 16 0 -22.456 -36 3 0 0 0 -3.05151 2.94349 0 -15.499 -0.579529 4-4cyli.dat
1 16 0 -22.456 -36 3 0 0 0 -3.05151 2.94349 0 -15.499 -0.579529 4-4disc.dat
1 16 0 -22.456 -36 3 0 0 0 -3.05151 2.94349 0 -15.499 -0.579529 4-4edge.dat
1 16 0 -22.456 -36 2 0 0 0 0.193176 1.96233 0 0.981164 -0.386352 4-4edge.dat
1 16 0 -22.456 -36 2 0 0 0 2.88387 1.96233 0 14.6475 -0.386352 4-4cyli.dat

2 24 -3 -84.8402 -50.2307 -2.92518 -84.4693 -50.3045
2 24 -2.7717 -85.9721 -50.0055 -3 -84.8402 -50.2307
2 24 -2.75278 -86 -49.9999 -2.7717 -85.9721 -50.0055
2 24 2.75278 -86 -49.9999 2.7717 -85.9721 -50.0055
2 24 2.7717 -85.9721 -50.0055 3 -84.8402 -50.2307
2 24 3 -84.8402 -50.2307 2.92518 -84.4693 -50.3045
2 24 -2.1213 -87.0531 -50.2095 -2.75278 -86 -49.9999
2 24 -2.1213 -87.0531 -50.2095 -1.48011 -87.5307 -50.3045
2 24 1.48011 -87.5307 -50.3045 2.1213 -87.0531 -50.2095
2 24 2.1213 -87.0531 -50.2095 2.75278 -86 -49.9999
2 24 -1.48011 -87.5307 -50.3045 -1.1481 -87.8229 -50.4997
2 24 -1.1481 -87.8229 -50.4997 0 -88.1236 -50.7006
2 24 0 -88.1236 -50.7006 1.1481 -87.8229 -50.4997
2 24 1.1481 -87.8229 -50.4997 1.48011 -87.5307 -50.3045
2 24 2.92518 -84.4693 -50.3045 2.7717 -83.7923 -50.7288
2 24 2.7717 -83.7923 -50.7288 2.1213 -82.9387 -51.2638
2 24 1.1481 -82.3682 -51.6214 2.1213 -82.9387 -51.2638
2 24 0 -82.1679 -51.7469 1.1481 -82.3682 -51.6214
2 24 -1.1481 -82.3682 -51.6214 0 -82.1679 -51.7469
2 24 -2.1213 -82.9387 -51.2638 -1.1481 -82.3682 -51.6214
2 24 -2.7717 -83.7923 -50.7288 -2.1213 -82.9387 -51.2638
2 24 -2.92518 -84.4693 -50.3045 -2.7717 -83.7923 -50.7288
2 24 -3 -25.242 -50.1507 -2.84331 -24.4692 -50.3044
2 24 -2.84633 -26 -50 -3 -25.242 -50.1507
2 24 2.84633 -26 -50 3 -25.242 -50.1507
2 24 3 -25.242 -50.1507 2.84331 -24.4692 -50.3044
2 24 2.84331 -24.4692 -50.3044 2.7717 -24.1448 -50.5212
2 24 -2.7717 -24.1448 -50.5212 -2.1213 -23.2683 -51.107
2 24 -2.84331 -24.4692 -50.3044 -2.7717 -24.1448 -50.5212
2 24 2.7717 -24.1448 -50.5212 2.1213 -23.2683 -51.107
2 24 1.96065 -23.1716 -51.1716 2.1213 -23.2683 -51.107
2 24 -2.1213 -23.2683 -51.107 -1.96065 -23.1716 -51.1716
2 24 1.1481 -22.7441 -51.8113 1.96065 -23.1716 -51.1716
2 24 -1.1481 -22.7441 -51.8113 -0.00867377 -22.5657 -52.0782
2 24 -1.96065 -23.1716 -51.1716 -1.1481 -22.7441 -51.8113
2 24 0.00867377 -22.5657 -52.0782 1.1481 -22.7441 -51.8113
2 24 -2.1213 -27.3744 -50 -1.1481 -28.0373 -50
2 24 -1.1481 -28.0373 -50 0 -28.27 -50
2 24 -2.7717 -26.3825 -50 -2.84633 -26 -50
2 24 -2.1213 -27.3744 -50 -2.7717 -26.3825 -50
2 24 0 -28.27 -50 1.1481 -28.0373 -50
2 24 1.1481 -28.0373 -50 2.1213 -27.3744 -50
2 24 2.1213 -27.3744 -50 2.7717 -26.3825 -50
2 24 2.7717 -26.3825 -50 2.84633 -26 -50
2 24 -0.646105 -76.8284 -17.8284 0 -76.9204 -17.6907
2 24 0 -76.9204 -17.6907 0.646105 -76.8284 -17.8284
2 24 2 -75.2631 -19.1051 1.8478 -74.623 -19.6273
2 24 1.8478 -74.623 -19.6273 1.4142 -74.0803 -20.0699
2 24 0.7654 -73.7177 -20.3657 1.4142 -74.0803 -20.0699
2 24 0 -73.5904 -20.4695 0.7654 -73.7177 -20.3657
2 24 -0.7654 -73.7177 -20.3657 0 -73.5904 -20.4695
2 24 -1.4142 -74.0803 -20.0699 -0.7654 -73.7177 -20.3657
2 24 -1.8478 -74.623 -19.6273 -1.4142 -74.0803 -20.0699
2 24 -2 -75.2631 -19.1051 -1.8478 -74.623 -19.6273
2 24 -1.8478 -75.9033 -18.583 -2 -75.2631 -19.1051
2 24 -1.4142 -76.4459 -18.1404 -1.8478 -75.9033 -18.583
2 24 -1.4142 -76.4459 -18.1404 -0.7654 -76.8086 -17.8446
2 24 -0.7654 -76.8086 -17.8446 -0.646105 -76.8284 -17.8284
2 24 0.646105 -76.8284 -17.8284 0.7654 -76.8086 -17.8446
2 24 0.7654 -76.8086 -17.8446 1.4142 -76.4459 -18.1404
2 24 1.4142 -76.4459 -18.1404 1.8478 -75.9033 -18.583
2 24 1.8478 -75.9033 -18.583 2 -75.2631 -19.1051
2 24 0.7654 -17.7717 -21.7732 1.4142 -18.2316 -21.8647
2 24 0 -17.6102 -21.7411 0.7654 -17.7717 -21.7732
2 24 -0.7654 -17.7717 -21.7732 0 -17.6102 -21.7411
2 24 -1.4142 -18.2316 -21.8647 -0.7654 -17.7717 -21.7732
2 24 -1.84288 -18.912 -22.0001 -1.4142 -18.2316 -21.8647
2 24 1.84288 -18.912 -22.0001 1.4142 -18.2316 -21.8647
2 24 2 -19.6699 -21.8493 1.8478 -18.9193 -21.9987
2 24 1.8478 -18.9193 -21.9987 1.84288 -18.912 -22.0001
2 24 -1.8478 -18.9193 -21.9987 -1.84288 -18.912 -22.0001
2 24 -2 -19.6699 -21.8493 -1.8478 -18.9193 -21.9987
2 24 -1.8478 -20.4206 -21.6999 -2 -19.6699 -21.8493
2 24 -1.83274 -20.4427 -21.6955 -1.8478 -20.4206 -21.6999
2 24 1.83274 -20.4427 -21.6955 1.8478 -20.4206 -21.6999
2 24 1.8478 -20.4206 -21.6999 2 -19.6699 -21.8493
2 24 -1.4142 -21.0068 -21.3186 -1.83274 -20.4427 -21.6955
2 24 -1.4142 -21.0068 -21.3186 -0.7654 -21.3974 -21.0577
2 24 1.4142 -21.0068 -21.3186 1.83274 -20.4427 -21.6955
2 24 -0.7654 -21.3974 -21.0577 0 -21.5345 -20.9661
2 24 0 -21.5345 -20.9661 0.7654 -21.3974 -21.0577
2 24 0.7654 -21.3974 -21.0577 1.4142 -21.0068 -21.3186
3 16 -9 -88.3149 -83.4442 -9 -89 -100 -9 -89 -80
4 16 -9 -89 -100 -9 -88.3149 -83.4442 -9 -86.364 -86.364 -9 -86.364 -100
3 16 9 -89 -80 9 -89 -100 9 -88.3149 -83.4442
4 16 9 -86.364 -100 9 -86.364 -86.364 9 -88.3149 -83.4442 9 -89 -100
4 16 -9 -73.636 -100 -9 -73.636 -86.364 -9 -72 -92 -9 -72 -100
4 16 -9 -72 -92 -9 -73.636 -86.364 -9 -71.6851 -83.4442 -9 -71 -92
3 16 -9 -71 -92 -9 -71.6851 -83.4442 -9 -71 -80
3 16 9 -71 -80 9 -71.6851 -83.4442 9 -71 -100
4 16 9 -71 -100 9 -71.6851 -83.4442 9 -73.636 -86.364 9 -73.636 -100
4 16 -9 -48 -50 -9 -48 -52 -9 -51 -54.636 -9 -51 -50
4 16 -9 -40 -52 -9 -40 -54.636 -9 -51 -54.636 -9 -48 -52
1 16 9 -45.5 -51.318 0 -1 0 0 0 -5.5 1.318 0 0 rect3.dat
3 16 -9 -51.6851 -16.5558 -9 -51 -10 -9 -51 -20
4 16 -9 -53.636 -13.636 -9 -53.636 -5.364 -9 -51 -10 -9 -51.6851 -16.5558
4 16 -9 -51 -10 -9 -53.636 -5.364 -9 -48 -8 -9 -48 -10
4 16 -9 -48 -8 -9 -53.636 -5.364 -9 -22.3496 -5.364 -9 -32 -8
4 16 -9 -32 -10 -9 -32 -8 -9 -22.3496 -5.364 -9 -18.0966 -10
4 16 -9 -18.0966 -10 -9 -22.3496 -5.364 -9 -28.0158 7.364 -9 -27 10
4 16 -9 -27 10 -9 -28.0158 7.364 -9 -57.364 7.364 -9 -60 10
4 16 -9 -60 10 -9 -57.364 7.364 -9 -57.364 -11.5243 -9 -60 -11
3 16 9 -51 -20 9 -51 -10 9 -51.6851 -16.5558
4 16 9 -51.6851 -16.5558 9 -51 -10 9 -53.636 -7.364 9 -53.636 -13.636
4 16 9 -18.0966 -10 9 -21.4593 -7.364 9 -53.636 -7.364 9 -51 -10
4 16 9 -27 10 9 -28.0158 7.364 9 -21.4593 -7.364 9 -18.0966 -10
4 16 9 -60 10 9 -57.364 7.364 9 -28.0158 7.364 9 -27 10
4 16 9 -60 -11 9 -57.364 -11.5243 9 -57.364 7.364 9 -60 10
4 16 -9 -70.1028 -55.6096 -9 -71.0978 -53.2075 -9 -69 -52.7902 -9 -69 -55.3902
4 16 9 -69 -55.3902 9 -69 -52.7902 9 -71.0978 -53.2075 9 -70.1028 -55.6096
4 16 -9 -71.5243 -77.364 -9 -71.6851 -76.5558 -9 -70.1627 -75.7905 -9 -70.4757 -77.364
4 16 -9 -72.6328 -75.1375 -9 -72.5648 -74.7955 -9 -70.1627 -75.7905 -9 -71.6851 -76.5558
4 16 9 -70.4757 -77.364 9 -70.1627 -75.7905 9 -71.6851 -76.5558 9 -71.5243 -77.364
4 16 9 -71.6851 -76.5558 9 -70.1627 -75.7905 9 -72.5648 -74.7955 9 -72.6328 -75.1375
3 16 -9 -61.2568 -68.75 -9 -64.4009 -69.3754 -9 -63.4442 -68.3149
4 16 -9 -63.4442 -68.3149 -9 -64.4009 -69.3754 -9 -65.2045 -67.4352 -9 -64.8625 -67.3672
3 16 9 -63.4442 -68.3149 9 -64.4009 -69.3754 9 -61.2568 -68.75
4 16 9 -64.8625 -67.3672 9 -65.2045 -67.4352 9 -64.4009 -69.3754 9 -63.4442 -68.3149

2 24 -9 -51 -50 -9 -51 -54.636
2 24 9 -89 -100 9 -89 -80
2 24 -9 -89 -80 -9 -89 -100
2 24 -9 -40 -52 -9 -48 -52
2 24 -9 -48 -50 -9 -51 -50
2 24 -9 -51 -54.636 -9 -40 -54.636
2 24 -9 -22.3496 -5.364 -9 -53.636 -5.364
2 24 9 -53.636 -7.364 9 -21.4593 -7.364
2 24 -9 -57.364 7.364 -9 -28.0158 7.364
2 24 9 -28.0158 7.364 9 -57.364 7.364
2 24 -2 -31.3978 7.364 -2 -31.3978 -7.364
2 24 2 -31.3978 7.364 2 -31.3978 -7.364
2 24 -9 -32 -10 -9 -18.0966 -10
2 24 9 -18.0966 -10 9 -51 -10
2 24 9 -60 10 9 -27 10
2 24 -9 -27 10 -9 -60 10
2 24 -9 -60 10 -9 -60 -11
2 24 9 -60 -11 9 -60 10
2 24 -9 -51 -10 -9 -48 -10
2 24 -2 -48.6022 7.364 -2 -48.6022 -5.364
2 24 2 -48.6022 -7.364 2 -48.6022 7.364
2 24 -9 -69 -52.7902 -9 -69 -55.3902
2 24 9 -69 -52.7902 9 -69 -55.3902
2 24 -2 -48.6022 -5.364 -2 -53.636 -5.364
2 24 2 -48.6022 -7.364 2 -53.636 -7.364
2 24 -2 -48.6022 7.364 -2 -57.364 7.364
2 24 2 -48.6022 7.364 2 -57.364 7.364
2 24 -2 -31.3978 -5.364 -2 -22.3496 -5.364
2 24 2 -21.4593 -7.364 2 -31.3978 -7.364
2 24 -2 -28.0158 7.364 -2 -31.3978 7.364
2 24 2 -31.3978 7.364 2 -28.0158 7.364
2 24 -9 -18.0966 -10 -5 -18.0966 -10
2 24 5 -18.0966 -10 9 -18.0966 -10
2 24 -2.94395 -60 10 -9 -60 10
2 24 -3.9351 -60 -11 -9 -60 -11
2 24 9 -60 10 2.94395 -60 10
2 24 9 -60 -11 3.9351 -60 -11
2 24 -9 -86.364 -100 -9 -86.364 -86.364
2 24 9 -86.364 -100 9 -86.364 -86.364
2 24 -9 -73.636 -100 -9 -73.636 -86.364
2 24 9 -73.636 -100 9 -73.636 -86.364
2 24 -9 -57.364 -11.5243 -9 -60 -11
2 24 9 -57.364 -11.5243 9 -60 -11
2 24 -9 -60 -69 -9 -63.4442 -68.3149
2 24 -9 -63.4442 -68.3149 -9 -64.8625 -67.4352
2 24 9 -60 -69 9 -63.4442 -68.3149
2 24 9 -63.4442 -68.3149 9 -64.8625 -67.4352
2 24 -9 -71.6851 -76.5558 -9 -72.6328 -75.1375
2 24 9 -71.6851 -76.5558 9 -72.6328 -75.1375
2 24 -9 -86.364 -73.636 -9 -84.9456 -72.6883
2 24 9 -86.364 -73.636 9 -84.9456 -72.6883
1 16 0 0 0 12.81 0 0 0 12.81 0 0 0 12.81 8-8sphe.dat
1 16 0 0 0 1 0 0 0 1 0 0 0 1 axlesphe.dat
1 16 0 -12.81 0 1 0 0 0 -7.0672 0 0 0 1 axlehol8.dat
1 16 0 -19.8772 0 1 0 0 0 5.3421 0 0 0 1 axlehols.dat
5 24 6.364 -33.636 -50 6.364 -33.636 -52 5 -32.7247 -50 8.3151 -36.5557 -50
5 24 -2 -56.5558 -11.6851 -9 -56.5558 -11.6851 -9 -57.364 -11.5243 -9 -53.636 -13.636
5 24 9 -56.5558 -11.6851 2 -56.5558 -11.6851 2 -57.364 -11.5243 9 -53.636 -13.636
5 24 -2 -62.1213 13.1213 -2.7966 -62.1213 13.1213 -2.8426 -62.7717 12.1481 -2 -62 13.2024
5 24 -2.9969 -62.1213 8.8787 -2 -62.1213 8.8787 -2 -62.7717 9.8519 -3.0007 -62 8.7976
5 24 2.7966 -62.1213 13.1213 2 -62.1213 13.1213 2 -62.7717 12.1481 2 -62 13.2024
5 24 2 -62.1213 8.8787 2.9969 -62.1213 8.8787 2.9509 -62.7717 9.8519 3.0007 -62 8.7976
5 24 -3.8409 -76.7899 -9.004 3.8409 -76.7899 -9.004 3.3605 -75.3657 1.1748 4 -76.9644 -12.375
5 24 -9 -83.4441 -71.6851 -2 -83.4441 -71.6851 -2 -79.9999 -70.9998 -9 -84.9456 -72.6883
5 24 -2 -73.6359 -73.6358 -9 -73.6359 -73.6358 -9 -76.5559 -71.6852 -9 -72.6328 -75.1375
5 24 2 -83.4441 -71.6851 9 -83.4441 -71.6851 9 -79.9999 -70.9998 9 -84.9456 -72.6883
5 24 9 -73.6359 -73.6358 2 -73.6359 -73.6358 9 -76.5559 -71.6852 9 -72.6328 -75.1375
5 24 -2 -72.5648 -74.7955 -9 -72.5648 -74.7955 -9 -72.6328 -75.1375 -2 -69.6169 -70.383
5 24 9 -72.5648 -74.7955 2 -72.5648 -74.7955 2 -72.6328 -75.1375 9 -69.6169 -70.383
5 24 -9 -65.2045 -67.4352 -2 -65.2045 -67.4352 -9 -64.8625 -67.3672 -9 -69.6169 -70.383
5 24 2 -65.2045 -67.4352 9 -65.2045 -67.4352 2 -64.8625 -67.3672 9 -69.6169 -70.383
5 24 -9 -84.3904 -69.8973 -2 -84.3904 -69.8973 -2 -84.9456 -72.6884 -9 -78.6679 -61.3318
5 24 2 -84.3904 -69.8973 9 -84.3904 -69.8973 9 -84.9456 -72.6884 2 -78.6679 -61.3318
5 24 -2 -70.1028 -55.6096 -9 -70.1028 -55.6096 -9 -69 -55.3902 -9 -78.6679 -61.3318
5 24 9 -70.1028 -55.6096 2 -70.1028 -55.6096 2 -69 -55.3902 9 -78.6679 -61.3318
5 24 -9 -70.1627 -75.7905 -2 -70.1627 -75.7905 -9 -70.4757 -77.364 -9 -67.7781 -72.2219
5 24 2 -70.1627 -75.7905 9 -70.1627 -75.7905 2 -70.4757 -77.364 9 -67.7781 -72.2219
5 24 -9 -71.0978 -53.2075 9 -71.0978 -53.2075 -9 -69 -52.7902 -9 -80.5059 -59.4941
