0 Propellor 3 Blade 3.5 Diameter
0 Name: 6041.dat
0 Author: Paul Easter [pneaster]
0 !LDRAW_ORG Part UPDATE 2002-02
0 !LICENSE Redistributable under CCAL version 2.0 : see CAreadme.txt
0 BFC CERTIFY CW
0 !KEYWORDS aquazone, divers
0 !HISTORY 2000-05-07 [PTadmin] Official Update 2000-01
0 !HISTORY 2001-05-04 [pneaster] Total Revision, made better use of primitive files.
0 !HISTORY 2001-11-23 [pneaster] corrected BFC use of primitive files.
0 !HISTORY 2002-04-25 [PTadmin] Official Update 2002-02
0 !HISTORY 2007-07-09 [PTadmin] Header formatted for Contributor Agreement
0 !HISTORY 2008-07-01 [PTadmin] Official Update 2008-01
0 !HISTORY 2019-05-13 [BLStudio] Mesh modification 2019-05
1 16 0 0 12 10 0 0 0 0 10 0 -24 0 4-4cyli.dat
1 16 0 0 12 10 0 0 0 0 10 0 10 0 4-4edge.dat
1 16 0 0 -12 10 0 0 0 0 10 0 10 0 4-4edge.dat
1 16 0 0 12 8 0 0 0 0 8 0 8 0 4-4edge.dat
1 16 0 0 12 2 0 0 0 0 2 0 -1 0 ring4.dat
1 16 0 0 -12 2 0 0 0 0 2 0 1 0 ring4.dat
0 BFC INVERTNEXT
1 16 0 0 10 8 0 0 0 0 8 0 2 0 4-4cyli.dat
0 BFC INVERTNEXT
1 16 0 0 -12 -3.061 0 7.391 -7.391 0 -3.061 0 6 0 1-8cyli.dat
0 BFC INVERTNEXT
1 16 0 0 -8 3.061 0 7.391 -7.391 0 3.061 0 18 0 1-8cyli.dat
0 BFC INVERTNEXT
1 16 0 0 -6 -2.296 0 5.543 -5.543 0 -2.296 0 16 0 1-8cyli.dat
1 16 0 0 -12 -3.061 0 7.391 -7.391 0 -3.061 0 1 0 1-8edge.dat
1 16 0 0 -8 3.061 0 7.391 -7.391 0 3.061 0 1 0 1-8edge.dat
1 16 0 0 -6 -3.061 0 7.391 -7.391 0 -3.061 0 1 0 1-8edge.dat
1 16 0 0 -6 -2.296 0 5.543 -5.543 0 -2.296 0 1 0 1-8edge.dat
1 16 0 0 10 -2.296 0 5.543 -5.543 0 -2.296 0 1 0 1-8edge.dat
1 16 0 0 10 -3.061 0 7.391 -7.391 0 -3.061 0 1 0 1-8edge.dat
1 16 0 0 -12 1.848 0 -0.765 -0.765 0 -1.848 0 1 0 1-8ring3.dat
1 16 0 0 -8 0.765 0 1.848 -1.848 0 0.765 0 -1 0 1-8ring3.dat
1 16 0 0 -6 0.766 0 -1.848 -1.848 0 -0.766 0 1 0 1-8ring3.dat
1 16 0 0 10 -0.765 0 1.848 -1.848 0 -0.765 0 -1 0 1-8ring3.dat
1 16 2.679 -6.467 2 0.383 -0.924 0 -0.924 0.383 0 0 0 8 rect.dat
1 16 -2.679 -6.467 2 0.383 0.924 0 0.924 -0.383 0 0 0 -8 rect.dat
2 24 2.296 -5.543 -12 3.062 -7.391 -12
2 24 3.062 -7.391 -12 3.062 -7.391 -8
2 24 3.062 -7.391 -8 2.296 -5.543 -8
4 16 2.296 -5.543 -12 2.296 -5.543 -8 3.062 -7.391 -8 3.062 -7.391 -12
2 24 5.543 -2.296 -8 7.391 -3.062 -8
2 24 7.391 -3.062 -8 7.391 -3.062 -12
2 24 7.391 -3.062 -12 5.543 -2.296 -12
4 16 5.543 -2.296 -8 5.543 -2.296 -12 7.391 -3.062 -12 7.391 -3.062 -8
1 16 3.85 -3.85 -8 -0.765 0 -1.848 1.848 0 -0.765 0 -4 0 1-4cyli.dat
1 16 3.85 -3.85 -8 0.765 0 -1.847 1.847 0 0.765 0 -4 0 1-8cyli.dat
1 16 3.85 -3.85 -12 -0.765 0 -1.848 1.848 0 -0.765 0 1 0 1-4edge.dat
1 16 3.85 -3.85 -12 0.765 0 -1.847 1.847 0 0.765 0 1 0 1-8edge.dat
1 16 3.85 -3.85 -8 -0.765 0 -1.848 1.848 0 -0.765 0 1 0 1-4edge.dat
1 16 3.85 -3.85 -8 0.765 0 -1.847 1.847 0 0.765 0 1 0 1-8edge.dat
4 16 5.544 -2.295 -12 5.544 -2.295 -8 4.615 -2.003 -8 4.615 -2.003 -12
4 16 2.297 -5.542 -8 2.297 -5.542 -12 2.002 -4.615 -12 2.002 -4.615 -8
2 24 5.544 -2.295 -8 4.615 -2.003 -8
2 24 5.544 -2.295 -12 4.615 -2.003 -12
2 24 2.297 -5.542 -8 2.002 -4.615 -8
2 24 2.297 -5.542 -12 2.002 -4.615 -12
0 BFC INVERTNEXT
1 16 0 0 -12 7.391 0 3.061 -3.061 0 7.391 0 6 0 1-8cyli.dat
0 BFC INVERTNEXT
1 16 0 0 -8 7.391 0 -3.061 3.061 0 7.391 0 18 0 1-8cyli.dat
0 BFC INVERTNEXT
1 16 0 0 -6 5.543 0 2.296 -2.296 0 5.543 0 16 0 1-8cyli.dat
1 16 0 0 -12 7.391 0 3.061 -3.061 0 7.391 0 1 0 1-8edge.dat
1 16 0 0 -8 7.391 0 -3.061 3.061 0 7.391 0 1 0 1-8edge.dat
1 16 0 0 -6 7.391 0 3.061 -3.061 0 7.391 0 1 0 1-8edge.dat
1 16 0 0 -6 5.543 0 2.296 -2.296 0 5.543 0 1 0 1-8edge.dat
1 16 0 0 10 5.543 0 2.296 -2.296 0 5.543 0 1 0 1-8edge.dat
1 16 0 0 10 7.391 0 3.061 -3.061 0 7.391 0 1 0 1-8edge.dat
1 16 0 0 -12 0.765 0 1.848 1.848 0 -0.765 0 1 0 1-8ring3.dat
1 16 0 0 -8 1.848 0 -0.765 0.765 0 1.848 0 -1 0 1-8ring3.dat
1 16 0 0 -6 1.848 0 0.766 0.766 0 -1.848 0 1 0 1-8ring3.dat
1 16 0 0 10 1.848 0 0.765 -0.765 0 1.848 0 -1 0 1-8ring3.dat
1 16 6.467 2.679 2 -0.924 0.383 0 -0.383 -0.924 0 0 0 8 rect.dat
1 16 6.467 -2.679 2 -0.924 0.383 0 0.383 0.924 0 0 0 -8 rect.dat
2 24 5.543 2.296 -12 7.391 3.062 -12
2 24 7.391 3.062 -12 7.391 3.062 -8
2 24 7.391 3.062 -8 5.543 2.296 -8
4 16 5.543 2.296 -12 5.543 2.296 -8 7.391 3.062 -8 7.391 3.062 -12
2 24 2.296 5.543 -8 3.062 7.391 -8
2 24 3.062 7.391 -8 3.062 7.391 -12
2 24 3.062 7.391 -12 2.296 5.543 -12
4 16 2.296 5.543 -8 2.296 5.543 -12 3.062 7.391 -12 3.062 7.391 -8
1 16 3.85 3.85 -8 -1.848 0 0.765 -0.765 0 -1.848 0 -4 0 1-4cyli.dat
1 16 3.85 3.85 -8 -1.847 0 -0.765 0.765 0 -1.847 0 -4 0 1-8cyli.dat
1 16 3.85 3.85 -12 -1.848 0 0.765 -0.765 0 -1.848 0 1 0 1-4edge.dat
1 16 3.85 3.85 -12 -1.847 0 -0.765 0.765 0 -1.847 0 1 0 1-8edge.dat
1 16 3.85 3.85 -8 -1.848 0 0.765 -0.765 0 -1.848 0 1 0 1-4edge.dat
1 16 3.85 3.85 -8 -1.847 0 -0.765 0.765 0 -1.847 0 1 0 1-8edge.dat
4 16 2.295 5.544 -12 2.295 5.544 -8 2.003 4.615 -8 2.003 4.615 -12
4 16 5.542 2.297 -8 5.542 2.297 -12 4.615 2.002 -12 4.615 2.002 -8
2 24 2.295 5.544 -8 2.003 4.615 -8
2 24 2.295 5.544 -12 2.003 4.615 -12
2 24 5.542 2.297 -8 4.615 2.002 -8
2 24 5.542 2.297 -12 4.615 2.002 -12
0 BFC INVERTNEXT
1 16 0 0 -12 3.061 0 -7.391 7.391 0 3.061 0 6 0 1-8cyli.dat
0 BFC INVERTNEXT
1 16 0 0 -8 -3.061 0 -7.391 7.391 0 -3.061 0 18 0 1-8cyli.dat
0 BFC INVERTNEXT
1 16 0 0 -6 2.296 0 -5.543 5.543 0 2.296 0 16 0 1-8cyli.dat
1 16 0 0 -12 3.061 0 -7.391 7.391 0 3.061 0 1 0 1-8edge.dat
1 16 0 0 -8 -3.061 0 -7.391 7.391 0 -3.061 0 1 0 1-8edge.dat
1 16 0 0 -6 3.061 0 -7.391 7.391 0 3.061 0 1 0 1-8edge.dat
1 16 0 0 -6 2.296 0 -5.543 5.543 0 2.296 0 1 0 1-8edge.dat
1 16 0 0 10 2.296 0 -5.543 5.543 0 2.296 0 1 0 1-8edge.dat
1 16 0 0 10 3.061 0 -7.391 7.391 0 3.061 0 1 0 1-8edge.dat
1 16 0 0 -12 -1.848 0 0.765 0.765 0 1.848 0 1 0 1-8ring3.dat
1 16 0 0 -8 -0.765 0 -1.848 1.848 0 -0.765 0 -1 0 1-8ring3.dat
1 16 0 0 -6 -0.766 0 1.848 1.848 0 0.766 0 1 0 1-8ring3.dat
1 16 0 0 10 0.765 0 -1.848 1.848 0 0.765 0 -1 0 1-8ring3.dat
1 16 -2.679 6.467 2 -0.383 0.924 0 0.924 0.383 0 0 0 8 rect.dat
1 16 2.679 6.467 2 -0.383 -0.924 0 -0.924 0.383 0 0 0 -8 rect.dat
2 24 -2.296 5.543 -12 -3.062 7.391 -12
2 24 -3.062 7.391 -12 -3.062 7.391 -8
2 24 -3.062 7.391 -8 -2.296 5.543 -8
4 16 -2.296 5.543 -12 -2.296 5.543 -8 -3.062 7.391 -8 -3.062 7.391 -12
2 24 -5.543 2.296 -8 -7.391 3.062 -8
2 24 -7.391 3.062 -8 -7.391 3.062 -12
2 24 -7.391 3.062 -12 -5.543 2.296 -12
4 16 -5.543 2.296 -8 -5.543 2.296 -12 -7.391 3.062 -12 -7.391 3.062 -8
1 16 -3.85 3.85 -8 0.765 0 1.848 -1.848 0 0.765 0 -4 0 1-4cyli.dat
1 16 -3.85 3.85 -8 -0.765 0 1.847 -1.847 0 -0.765 0 -4 0 1-8cyli.dat
1 16 -3.85 3.85 -12 0.765 0 1.848 -1.848 0 0.765 0 1 0 1-4edge.dat
1 16 -3.85 3.85 -12 -0.765 0 1.847 -1.847 0 -0.765 0 1 0 1-8edge.dat
1 16 -3.85 3.85 -8 0.765 0 1.848 -1.848 0 0.765 0 1 0 1-4edge.dat
1 16 -3.85 3.85 -8 -0.765 0 1.847 -1.847 0 -0.765 0 1 0 1-8edge.dat
4 16 -5.544 2.295 -12 -5.544 2.295 -8 -4.615 2.003 -8 -4.615 2.003 -12
4 16 -2.297 5.542 -8 -2.297 5.542 -12 -2.002 4.615 -12 -2.002 4.615 -8
2 24 -5.544 2.295 -8 -4.615 2.003 -8
2 24 -5.544 2.295 -12 -4.615 2.003 -12
2 24 -2.297 5.542 -8 -2.002 4.615 -8
2 24 -2.297 5.542 -12 -2.002 4.615 -12
0 BFC INVERTNEXT
1 16 0 0 -12 -7.391 0 -3.061 3.061 0 -7.391 0 6 0 1-8cyli.dat
0 BFC INVERTNEXT
1 16 0 0 -8 -7.391 0 3.061 -3.061 0 -7.391 0 18 0 1-8cyli.dat
0 BFC INVERTNEXT
1 16 0 0 -6 -5.543 0 -2.296 2.296 0 -5.543 0 16 0 1-8cyli.dat
1 16 0 0 -12 -7.391 0 -3.061 3.061 0 -7.391 0 1 0 1-8edge.dat
1 16 0 0 -8 -7.391 0 3.061 -3.061 0 -7.391 0 1 0 1-8edge.dat
1 16 0 0 -6 -7.391 0 -3.061 3.061 0 -7.391 0 1 0 1-8edge.dat
1 16 0 0 -6 -5.543 0 -2.296 2.296 0 -5.543 0 1 0 1-8edge.dat
1 16 0 0 10 -5.543 0 -2.296 2.296 0 -5.543 0 1 0 1-8edge.dat
1 16 0 0 10 -7.391 0 -3.061 3.061 0 -7.391 0 1 0 1-8edge.dat
1 16 0 0 -12 -0.765 0 -1.848 -1.848 0 0.765 0 1 0 1-8ring3.dat
1 16 0 0 -8 -1.848 0 0.765 -0.765 0 -1.848 0 -1 0 1-8ring3.dat
1 16 0 0 -6 -1.848 0 -0.766 -0.766 0 1.848 0 1 0 1-8ring3.dat
1 16 0 0 10 -1.848 0 -0.765 0.765 0 -1.848 0 -1 0 1-8ring3.dat
1 16 -6.467 -2.679 2 0.924 -0.383 0 0.383 0.924 0 0 0 8 rect.dat
1 16 -6.467 2.679 2 0.924 -0.383 0 -0.383 -0.924 0 0 0 -8 rect.dat
2 24 -5.543 -2.296 -12 -7.391 -3.062 -12
2 24 -7.391 -3.062 -12 -7.391 -3.062 -8
2 24 -7.391 -3.062 -8 -5.543 -2.296 -8
4 16 -5.543 -2.296 -12 -5.543 -2.296 -8 -7.391 -3.062 -8 -7.391 -3.062 -12
2 24 -2.296 -5.543 -8 -3.062 -7.391 -8
2 24 -3.062 -7.391 -8 -3.062 -7.391 -12
2 24 -3.062 -7.391 -12 -2.296 -5.543 -12
4 16 -2.296 -5.543 -8 -2.296 -5.543 -12 -3.062 -7.391 -12 -3.062 -7.391 -8
1 16 -3.85 -3.85 -8 1.848 0 -0.765 0.765 0 1.848 0 -4 0 1-4cyli.dat
1 16 -3.85 -3.85 -8 1.847 0 0.765 -0.765 0 1.847 0 -4 0 1-8cyli.dat
1 16 -3.85 -3.85 -12 1.848 0 -0.765 0.765 0 1.848 0 1 0 1-4edge.dat
1 16 -3.85 -3.85 -12 1.847 0 0.765 -0.765 0 1.847 0 1 0 1-8edge.dat
1 16 -3.85 -3.85 -8 1.848 0 -0.765 0.765 0 1.848 0 1 0 1-4edge.dat
1 16 -3.85 -3.85 -8 1.847 0 0.765 -0.765 0 1.847 0 1 0 1-8edge.dat
4 16 -2.295 -5.544 -12 -2.295 -5.544 -8 -2.003 -4.615 -8 -2.003 -4.615 -12
4 16 -5.542 -2.297 -8 -5.542 -2.297 -12 -4.615 -2.002 -12 -4.615 -2.002 -8
2 24 -2.295 -5.544 -8 -2.003 -4.615 -8
2 24 -2.295 -5.544 -12 -2.003 -4.615 -12
2 24 -5.542 -2.297 -8 -4.615 -2.002 -8
2 24 -5.542 -2.297 -12 -4.615 -2.002 -12
0 1st blade
1 16 4 -28 -5.6 6 0 0 0 0 -6 -2.4 4 0 1-4cyli.dat
1 16 4 -28 -5.6 0 0 6 -6 0 0 0 1 -2.4 1-4disc.dat
1 16 4 -28 -1.6 6 0 0 0 0 -6 -2.4 -1 0 1-4disc.dat
1 16 4 -28 -5.6 6 0 0 0 0 -6 -2.4 1 0 1-4edge.dat
1 16 4 -28 -1.6 6 0 0 0 0 -6 -2.4 1 0 1-4edge.dat
1 16 -4 -28 1.6 -6 0 0 0 0 -6 2.4 -4 0 1-4cyli.dat
1 16 -4 -28 -2.4 -6 0 0 0 0 -6 2.4 1 0 1-4disc.dat
1 16 -4 -28 1.6 0 0 -6 -6 0 0 0 -1 2.4 1-4disc.dat
1 16 -4 -28 1.6 -6 0 0 0 0 -6 2.4 1 0 1-4edge.dat
1 16 -4 -28 -2.4 -6 0 0 0 0 -6 2.4 1 0 1-4edge.dat
2 24 0 -10 0 3.9 -9.3 -1.56
2 24 3.9 -9.3 -1.56 4.7 -8.7 -1.88
2 24 4.7 -8.7 -1.88 9.5 -25.700001 -3.8
2 24 9.5 -25.700001 -3.8 10 -28 -4
2 24 4 -34 -1.6 -4 -34 1.6
2 24 0 -10 0 -3.9 -9.3 1.56
2 24 -3.9 -9.3 1.56 -4.7 -8.7 1.88
2 24 -4.7 -8.7 1.88 -9.5 -25.700001 3.8
2 24 -9.5 -25.700001 3.8 -10 -28 4
2 24 0 -10 -4 3.9 -9.3 -5.56
2 24 3.9 -9.3 -5.56 4.7 -8.7 -5.88
2 24 4.7 -8.7 -5.88 9.5 -25.700001 -7.8
2 24 9.5 -25.700001 -7.8 10 -28 -8
2 24 4 -34 -5.6 -4 -34 -2.4
2 24 0 -10 -4 -3.9 -9.3 -2.44
2 24 -3.9 -9.3 -2.44 -4.7 -8.7 -2.12
2 24 -4.7 -8.7 -2.12 -9.5 -25.700001 -0.2
2 24 -9.5 -25.700001 -0.2 -10 -28 0
2 24 4.7 -8.7 -5.88 4.7 -8.7 -1.88
2 24 -4.7 -8.7 -2.12 -4.7 -8.7 1.88
4 16 4 -26 -1.6 3.9 -9.3 -1.56 4.7 -8.7 -1.88 9.5 -25.700001 -3.8
4 16 0 -26 0 0 -10 0 3.9 -9.3 -1.56 4 -26 -1.6
4 16 4 -26 -1.6 9.5 -25.700001 -3.8 10 -28 -4 4 -28 -1.6
4 16 4 -26 -1.6 4 -34 -1.6 -4 -34 1.6 -4 -26 1.6
4 16 -4 -26 1.6 -4 -28 1.6 -10 -28 4 -9.5 -25.700001 3.8
4 16 0 -26 0 -4 -26 1.6 -3.9 -9.3 1.56 0 -10 0
4 16 -3.9 -9.3 1.56 -4 -26 1.6 -9.5 -25.700001 3.8 -4.7 -8.7 1.88
4 16 4 -26 -5.6 9.5 -25.700001 -7.8 4.7 -8.7 -5.88 3.9 -9.3 -5.56
4 16 0 -26 -4 4 -26 -5.6 3.9 -9.3 -5.56 0 -10 -4
4 16 4 -26 -5.6 4 -28 -5.6 10 -28 -8 9.5 -25.700001 -7.8
4 16 -4 -26 -2.4 -4 -34 -2.4 4 -34 -5.6 4 -26 -5.6
4 16 -4 -26 -2.4 -9.5 -25.700001 -0.2 -10 -28 0 -4 -28 -2.4
4 16 0 -26 -4 0 -10 -4 -3.9 -9.3 -2.44 -4 -26 -2.4
4 16 -4 -26 -2.4 -3.9 -9.3 -2.44 -4.7 -8.7 -2.12 -9.5 -25.700001 -0.2
4 16 4.7 -8.7 -5.88 9.5 -25.700001 -7.8 9.5 -25.700001 -3.8 4.7 -8.7 -1.88
4 16 10 -28 -8 10 -28 -4 9.5 -25.700001 -3.8 9.5 -25.700001 -7.8
4 16 4 -34 -5.6 -4 -34 -2.4 -4 -34 1.6 4 -34 -1.6
4 16 -9.5 -25.700001 -0.2 -9.5 -25.700001 3.8 -10 -28 4 -10 -28 0
4 16 -9.5 -25.700001 -0.2 -4.7 -8.7 -2.12 -4.7 -8.7 1.88 -9.5 -25.700001 3.8
5 24 9.5 -25.700001 -7.8 9.5 -25.700001 -3.8 4.7 -8.7 -1.88 10 -28 -8
5 24 -9.5 -25.700001 -0.2 -9.5 -25.700001 3.8 -10 -28 0 -4.7 -8.7 -2.12
0 2nd blade
1 16 22.247999 17.464001 -5.6 -3 0 5.196 5.196 0 3 -2.4 4 0 1-4cyli.dat
1 16 22.247999 17.464001 -5.6 5.196 0 -3 3 0 5.196 0 1 -2.4 1-4disc.dat
1 16 22.247999 17.464001 -1.6 -3 0 5.196 5.196 0 3 -2.4 -1 0 1-4disc.dat
1 16 22.247999 17.464001 -5.6 -3 0 5.196 5.196 0 3 -2.4 1 0 1-4edge.dat
1 16 22.247999 17.464001 -1.6 -3 0 5.196 5.196 0 3 -2.4 1 0 1-4edge.dat
1 16 26.247999 10.536 1.6 3 0 5.196 -5.196 0 3 2.4 -4 0 1-4cyli.dat
1 16 26.247999 10.536 -2.4 3 0 5.196 -5.196 0 3 2.4 1 0 1-4disc.dat
1 16 26.247999 10.536 1.6 5.196 0 3 3 0 -5.196 0 -1 2.4 1-4disc.dat
1 16 26.247999 10.536 1.6 3 0 5.196 -5.196 0 3 2.4 1 0 1-4edge.dat
1 16 26.247999 10.536 -2.4 3 0 5.196 -5.196 0 3 2.4 1 0 1-4edge.dat
2 24 8.66 5 0 6.104 8.027 -1.56
2 24 6.104 8.027 -1.56 5.184 8.42 -1.88
2 24 5.184 8.42 -1.88 17.506001 21.077 -3.8
2 24 17.506001 21.077 -3.8 19.247999 22.66 -4
2 24 27.444 20.464001 -1.6 31.444 13.536 1.6
2 24 8.66 5 0 10.004 1.273 1.56
2 24 10.004 1.273 1.56 9.884 0.28 1.88
2 24 9.884 0.28 1.88 27.006001 4.623 3.8
2 24 27.006001 4.623 3.8 29.247999 5.34 4
2 24 8.66 5 -4 6.104 8.027 -5.56
2 24 6.104 8.027 -5.56 5.184 8.42 -5.88
2 24 5.184 8.42 -5.88 17.506001 21.077 -7.8
2 24 17.506001 21.077 -7.8 19.247999 22.66 -8
2 24 27.444 20.464001 -5.6 31.444 13.536 -2.4
2 24 8.66 5 -4 10.004 1.273 -2.44
2 24 10.004 1.273 -2.44 9.884 0.28 -2.12
2 24 9.884 0.28 -2.12 27.006001 4.623 -0.2
2 24 27.006001 4.623 -0.2 29.247999 5.34 0
2 24 5.184 8.42 -5.88 5.184 8.42 -1.88
2 24 9.884 0.28 -2.12 9.884 0.28 1.88
4 16 20.516001 16.464001 -1.6 6.104 8.027 -1.56 5.184 8.42 -1.88 17.506001 21.077 -3.8
4 16 22.516001 13 0 8.66 5 0 6.104 8.027 -1.56 20.516001 16.464001 -1.6
4 16 20.516001 16.464001 -1.6 17.506001 21.077 -3.8 19.247999 22.66 -4 22.247999 17.464001 -1.6
4 16 20.516001 16.464001 -1.6 27.444 20.464001 -1.6 31.444 13.536 1.6 24.516001 9.536 1.6
4 16 24.516001 9.536 1.6 26.247999 10.536 1.6 29.247999 5.34 4 27.006001 4.623 3.8
4 16 22.516001 13 0 24.516001 9.536 1.6 10.004 1.273 1.56 8.66 5 0
4 16 10.004 1.273 1.56 24.516001 9.536 1.6 27.006001 4.623 3.8 9.884 0.28 1.88
4 16 20.516001 16.464001 -5.6 17.506001 21.077 -7.8 5.184 8.42 -5.88 6.104 8.027 -5.56
4 16 22.516001 13 -4 20.516001 16.464001 -5.6 6.104 8.027 -5.56 8.66 5 -4
4 16 20.516001 16.464001 -5.6 22.247999 17.464001 -5.6 19.247999 22.66 -8 17.506001 21.077 -7.8
4 16 24.516001 9.536 -2.4 31.444 13.536 -2.4 27.444 20.464001 -5.6 20.516001 16.464001 -5.6
4 16 24.516001 9.536 -2.4 27.006001 4.623 -0.2 29.247999 5.34 0 26.247999 10.536 -2.4
4 16 22.516001 13 -4 8.66 5 -4 10.004 1.273 -2.44 24.516001 9.536 -2.4
4 16 24.516001 9.536 -2.4 10.004 1.273 -2.44 9.884 0.28 -2.12 27.006001 4.623 -0.2
4 16 5.184 8.42 -5.88 17.506001 21.077 -7.8 17.506001 21.077 -3.8 5.184 8.42 -1.88
4 16 19.247999 22.66 -8 19.247999 22.66 -4 17.506001 21.077 -3.8 17.506001 21.077 -7.8
4 16 27.444 20.464001 -5.6 31.444 13.536 -2.4 31.444 13.536 1.6 27.444 20.464001 -1.6
4 16 27.006001 4.623 -0.2 27.006001 4.623 3.8 29.247999 5.34 4 29.247999 5.34 0
4 16 27.006001 4.623 -0.2 9.884 0.28 -2.12 9.884 0.28 1.88 27.006001 4.623 3.8
5 24 17.506001 21.077 -7.8 17.506001 21.077 -3.8 5.184 8.42 -1.88 19.247999 22.66 -8
5 24 27.006001 4.623 -0.2 27.006001 4.623 3.8 29.247999 5.34 0 9.884 0.28 -2.12
0 3rd blade
1 16 -26.247999 10.536 -5.6 -3 0 -5.196 -5.196 0 3 -2.4 4 0 1-4cyli.dat
1 16 -26.247999 10.536 -5.6 -5.196 0 -3 3 0 -5.196 0 1 -2.4 1-4disc.dat
1 16 -26.247999 10.536 -1.6 -3 0 -5.196 -5.196 0 3 -2.4 -1 0 1-4disc.dat
1 16 -26.247999 10.536 -5.6 -3 0 -5.196 -5.196 0 3 -2.4 1 0 1-4edge.dat
1 16 -26.247999 10.536 -1.6 -3 0 -5.196 -5.196 0 3 -2.4 1 0 1-4edge.dat
1 16 -22.247999 17.464001 1.6 3 0 -5.196 5.196 0 3 2.4 -4 0 1-4cyli.dat
1 16 -22.247999 17.464001 -2.4 3 0 -5.196 5.196 0 3 2.4 1 0 1-4disc.dat
1 16 -22.247999 17.464001 1.6 -5.196 0 3 3 0 5.196 0 -1 2.4 1-4disc.dat
1 16 -22.247999 17.464001 1.6 3 0 -5.196 5.196 0 3 2.4 1 0 1-4edge.dat
1 16 -22.247999 17.464001 -2.4 3 0 -5.196 5.196 0 3 2.4 1 0 1-4edge.dat
2 24 -8.66 5 0 -10.004 1.273 -1.56
2 24 -10.004 1.273 -1.56 -9.884 0.28 -1.88
2 24 -9.884 0.28 -1.88 -27.006001 4.623 -3.8
2 24 -27.006001 4.623 -3.8 -29.247999 5.34 -4
2 24 -31.444 13.536 -1.6 -27.444 20.464001 1.6
2 24 -8.66 5 0 -6.104 8.027 1.56
2 24 -6.104 8.027 1.56 -5.184 8.42 1.88
2 24 -5.184 8.42 1.88 -17.506001 21.077 3.8
2 24 -17.506001 21.077 3.8 -19.247999 22.66 4
2 24 -8.66 5 -4 -10.004 1.273 -5.56
2 24 -10.004 1.273 -5.56 -9.884 0.28 -5.88
2 24 -9.884 0.28 -5.88 -27.006001 4.623 -7.8
2 24 -27.006001 4.623 -7.8 -29.247999 5.34 -8
2 24 -31.444 13.536 -5.6 -27.444 20.464001 -2.4
2 24 -8.66 5 -4 -6.104 8.027 -2.44
2 24 -6.104 8.027 -2.44 -5.184 8.42 -2.12
2 24 -5.184 8.42 -2.12 -17.506001 21.077 -0.2
2 24 -17.506001 21.077 -0.2 -19.247999 22.66 0
2 24 -9.884 0.28 -5.88 -9.884 0.28 -1.88
2 24 -5.184 8.42 -2.12 -5.184 8.42 1.88
4 16 -24.516001 9.536 -1.6 -10.004 1.273 -1.56 -9.884 0.28 -1.88 -27.006001 4.623 -3.8
4 16 -22.516001 13 0 -8.66 5 0 -10.004 1.273 -1.56 -24.516001 9.536 -1.6
4 16 -24.516001 9.536 -1.6 -27.006001 4.623 -3.8 -29.247999 5.34 -4 -26.247999 10.536 -1.6
4 16 -24.516001 9.536 -1.6 -31.444 13.536 -1.6 -27.444 20.464001 1.6 -20.516001 16.464001 1.6
4 16 -20.516001 16.464001 1.6 -22.247999 17.464001 1.6 -19.247999 22.66 4 -17.506001 21.077 3.8
4 16 -22.516001 13 0 -20.516001 16.464001 1.6 -6.104 8.027 1.56 -8.66 5 0
4 16 -6.104 8.027 1.56 -20.516001 16.464001 1.6 -17.506001 21.077 3.8 -5.184 8.42 1.88
4 16 -24.516001 9.536 -5.6 -27.006001 4.623 -7.8 -9.884 0.28 -5.88 -10.004 1.273 -5.56
4 16 -22.516001 13 -4 -24.516001 9.536 -5.6 -10.004 1.273 -5.56 -8.66 5 -4
4 16 -24.516001 9.536 -5.6 -26.247999 10.536 -5.6 -29.247999 5.34 -8 -27.006001 4.623 -7.8
4 16 -20.516001 16.464001 -2.4 -27.444 20.464001 -2.4 -31.444 13.536 -5.6 -24.516001 9.536 -5.6
4 16 -20.516001 16.464001 -2.4 -17.506001 21.077 -0.2 -19.247999 22.66 0 -22.247999 17.464001 -2.4
4 16 -22.516001 13 -4 -8.66 5 -4 -6.104 8.027 -2.44 -20.516001 16.464001 -2.4
4 16 -20.516001 16.464001 -2.4 -6.104 8.027 -2.44 -5.184 8.42 -2.12 -17.506001 21.077 -0.2
4 16 -9.884 0.28 -5.88 -27.006001 4.623 -7.8 -27.006001 4.623 -3.8 -9.884 0.28 -1.88
4 16 -29.247999 5.34 -8 -29.247999 5.34 -4 -27.006001 4.623 -3.8 -27.006001 4.623 -7.8
4 16 -31.444 13.536 -5.6 -27.444 20.464001 -2.4 -27.444 20.464001 1.6 -31.444 13.536 -1.6
4 16 -17.506001 21.077 -0.2 -17.506001 21.077 3.8 -19.247999 22.66 4 -19.247999 22.66 0
4 16 -17.506001 21.077 -0.2 -5.184 8.42 -2.12 -5.184 8.42 1.88 -17.506001 21.077 3.8
5 24 -27.006001 4.623 -7.8 -27.006001 4.623 -3.8 -9.884 0.28 -1.88 -29.247999 5.34 -8
5 24 -17.506001 21.077 -0.2 -17.506001 21.077 3.8 -19.247999 22.66 0 -5.184 8.42 -2.12
0 //
0 //
1 16 3.85 -3.85 -12 -1.847759 0 -0.765367 -0.765367 0 1.847759 0 1 0 3-8chrd.dat
1 16 0 0 -12 5.54337 0 -2.296139 -2.296139 0 -5.54337 0 1 0 1-8chrd.dat
1 16 3.85 3.85 -12 0.765367 0 -1.847759 -1.847759 0 -0.765367 0 1 0 3-8chrd.dat
1 16 0 0 -12 2.296139 0 5.54337 5.54337 0 -2.296139 0 1 0 1-8chrd.dat
1 16 -3.85 3.85 -12 1.847758 0 0.765367 0.765367 0 -1.847758 0 1 0 3-8chrd.dat
1 16 0 0 -12 -5.54337 0 2.296139 2.296139 0 5.54337 0 1 0 1-8chrd.dat
1 16 -3.85 -3.85 -12 -0.765366 0 1.847758 1.847758 0 0.765366 0 1 0 3-8chrd.dat
1 16 0 0 -12 -2.29614 0 -5.54337 -5.54337 0 2.296139 0 1 0 1-8chrd.dat
1 16 3.85 -3.85 -8 0.765367 0 -1.847758 1.847759 0 0.765367 0 -1 0 3-8chrd.dat
1 16 0 0 -8 2.296139 0 5.54337 -5.54337 0 2.296139 0 -1 0 1-8chrd.dat
1 16 -3.85 -3.85 -8 1.847759 0 0.765366 -0.765367 0 1.847758 0 -1 0 3-8chrd.dat
1 16 0 0 -8 -5.54337 0 2.296139 -2.296139 0 -5.54337 0 -1 0 1-8chrd.dat
1 16 -3.85 3.85 -8 -0.765367 0 1.847758 -1.847759 0 -0.765366 0 -1 0 3-8chrd.dat
1 16 0 0 -8 -2.29614 0 -5.54337 5.54337 0 -2.29614 0 -1 0 1-8chrd.dat
1 16 3.85 3.85 -8 -1.847759 0 -0.765367 0.765367 0 -1.847758 0 -1 0 3-8chrd.dat
1 16 0 0 -8 5.54337 0 -2.296139 2.296139 0 5.54337 0 -1 0 1-8chrd.dat
4 16 -2.003 -4.615 -12 -4.615 -2.002 -12 -5.542 -2.297 -12 -2.296 -5.543 -12
4 16 5.543 -2.296 -12 4.615 -2.003 -12 2.002 -4.615 -12 2.297 -5.542 -12
4 16 5.543 2.2974 -12 2.2961 5.5434 -12 2.003 4.615 -12 4.615 2.002 -12
4 16 -2.002 4.615 -12 -2.2974 5.543 -12 -5.5434 2.2961 -12 -4.615 2.003 -12
4 16 2.297 -5.542 -8 1.918 -4.3677 -8 4.3674 -1.9191 -8 5.543 -2.2974 -8
4 16 -2.2974 -5.543 -8 -5.542 -2.297 -8 -4.615 -2.002 -8 -1.9191 -4.3674 -8
4 16 -4.615 2.003 -8 -5.543 2.2974 -8 -2.297 5.542 -8 -2.002 4.615 -8
4 16 2.003 4.615 -8 2.2974 5.543 -8 5.542 2.297 -8 4.615 2.002 -8
0 end of part
