0 ~Click Lock Hinge Half Dual Finger Wedged
0 Name: s\swh4.dat
0 Author: John Van Zwieten [jvan]
0 !LDRAW_ORG Subpart UPDATE 1999-05
0 !LICENSE Redistributable under CCAL version 2.0 : see CAreadme.txt
0 !HISTORY 1999-07-05 [PTadmin] Official Update 1999-05
0 !HISTORY 2007-12-30 [PTadmin] Header formatted for Contributor Agreement
0 !HISTORY 2008-07-01 [PTadmin] Official Update 2008-01
1 16 0.000000 0.000000 5.850000 0.250000 0.000000 0.000000 0.000000 1.000000 0.000000 0.000000 0.000000 0.150000 2-4edge.DAT
1 16 0.000000 0.000000 5.850000 0.250000 0.000000 0.000000 0.000000 1.000000 0.000000 0.000000 0.000000 0.150000 2-4disc.DAT
1 16 1.121000 0.000000 5.641000 0.883000 0.000000 -0.117000 0.000000 1.000000 0.000000 -0.176000 0.000000 -0.589000 2-4edge.DAT
1 16 1.121000 0.000000 5.641000 0.883000 0.000000 -0.117000 0.000000 1.000000 0.000000 -0.176000 0.000000 -0.589000 2-4ndis.DAT
4 16 1.8870 0.0000 4.8770 0.1210 0.0000 5.2280 0.0430 0.0000 4.8350 1.8090 0.0000 4.4840
2 24 0.2500 0.0000 5.8500 0.2380 0.0000 5.8170
2 24 -0.2500 0.0000 5.8500 -0.2380 0.0000 5.8170
4 16 -0.2500 0.0000 5.8500 -0.2380 0.0000 5.8170 0.2380 0.0000 5.8170 0.2500 0.0000 5.8500
4 16 0.2380 0.0000 5.8170 -0.2380 0.0000 5.8170 -0.0430 0.0000 4.8350 0.0430 0.0000 4.8350
1 16 2.241000 0.000000 5.405000 0.231000 0.000000 0.057000 0.000000 1.000000 0.000000 -0.096000 0.000000 0.139000 2-4edge.DAT
1 16 2.241000 0.000000 5.405000 0.231000 0.000000 0.057000 0.000000 1.000000 0.000000 -0.096000 0.000000 0.139000 2-4disc.DAT
1 16 3.196000 0.000000 4.783000 0.748000 0.000000 -0.334000 0.000000 1.000000 0.000000 -0.501000 0.000000 -0.499000 2-4edge.DAT
1 16 3.196000 0.000000 4.783000 0.748000 0.000000 -0.334000 0.000000 1.000000 0.000000 -0.501000 0.000000 -0.499000 2-4ndis.DAT
4 16 3.6110 0.0000 3.7840 2.1140 0.0000 4.7840 1.8920 0.0000 4.4510 3.3890 0.0000 3.4500
2 24 2.4720 0.0000 5.3100 2.4480 0.0000 5.2840
2 24 2.0100 0.0000 5.5010 2.0080 0.0000 5.4660
4 16 2.0100 0.0000 5.5010 2.0080 0.0000 5.4660 2.4480 0.0000 5.2840 2.4720 0.0000 5.3100
4 16 2.4480 0.0000 5.2840 2.0080 0.0000 5.4660 1.8120 0.0000 4.4840 1.8920 0.0000 4.4510
1 16 4.136000 0.000000 4.136000 0.177000 0.000000 0.106000 0.000000 1.000000 0.000000 -0.177000 0.000000 0.106000 2-4edge.DAT
1 16 4.136000 0.000000 4.136000 0.177000 0.000000 0.106000 0.000000 1.000000 0.000000 -0.177000 0.000000 0.106000 2-4disc.DAT
1 16 4.781000 0.000000 3.196000 0.500000 0.000000 -0.499000 0.000000 1.000000 0.000000 -0.749000 0.000000 -0.334000 2-4edge.DAT
1 16 4.781000 0.000000 3.196000 0.500000 0.000000 -0.499000 0.000000 1.000000 0.000000 -0.749000 0.000000 -0.334000 2-4ndis.DAT
4 16 4.7820 0.0000 2.1140 3.7820 0.0000 3.6110 3.4490 0.0000 3.3880 4.4490 0.0000 1.8910
2 24 4.3130 0.0000 3.9590 4.2810 0.0000 3.9440
2 24 3.9590 0.0000 4.3130 3.9440 0.0000 4.2810
4 16 3.9590 0.0000 4.3130 3.9440 0.0000 4.2810 4.2810 0.0000 3.9440 4.3130 0.0000 3.9590
4 16 4.2810 0.0000 3.9440 3.9440 0.0000 4.2810 3.3880 0.0000 3.4490 3.4490 0.0000 3.3880
1 16 5.405000 0.000000 2.241000 0.096000 0.000000 0.139000 0.000000 1.000000 0.000000 -0.231000 0.000000 0.057000 2-4edge.DAT
1 16 5.405000 0.000000 2.241000 0.096000 0.000000 0.139000 0.000000 1.000000 0.000000 -0.231000 0.000000 0.057000 2-4disc.DAT
1 16 5.642000 0.000000 1.125000 0.176000 0.000000 -0.589000 0.000000 1.000000 0.000000 -0.883000 0.000000 -0.117000 2-4edge.DAT
1 16 5.642000 0.000000 1.125000 0.176000 0.000000 -0.589000 0.000000 1.000000 0.000000 -0.883000 0.000000 -0.117000 2-4ndis.DAT
4 16 5.2290 0.0000 0.1240 4.8770 0.0000 1.8910 4.4840 0.0000 1.8120 4.8360 0.0000 0.0460
2 24 5.5010 0.0000 2.0100 5.4660 0.0000 2.0080
2 24 5.3100 0.0000 2.4720 5.2840 0.0000 2.4480
4 16 5.3100 0.0000 2.4720 5.2840 0.0000 2.4480 5.4660 0.0000 2.0080 5.5010 0.0000 2.0100
4 16 5.4660 0.0000 2.0080 5.2840 0.0000 2.4480 4.4510 0.0000 1.8920 4.4840 0.0000 1.8120
1 16 -2.241000 0.000000 5.405000 0.231000 0.000000 -0.057000 0.000000 1.000000 0.000000 0.096000 0.000000 0.139000 2-4edge.DAT
1 16 -2.241000 0.000000 5.405000 0.231000 0.000000 -0.057000 0.000000 1.000000 0.000000 0.096000 0.000000 0.139000 2-4disc.DAT
1 16 -1.125000 0.000000 5.642000 0.883000 0.000000 0.117000 0.000000 1.000000 0.000000 0.176000 0.000000 -0.589000 2-4edge.DAT
1 16 -1.125000 0.000000 5.642000 0.883000 0.000000 0.117000 0.000000 1.000000 0.000000 0.176000 0.000000 -0.589000 2-4ndis.DAT
4 16 -0.1240 0.0000 5.2290 -1.8910 0.0000 4.8770 -1.8120 0.0000 4.4840 -0.0460 0.0000 4.8360
2 24 -2.0100 0.0000 5.5010 -2.0080 0.0000 5.4660
2 24 -2.4720 0.0000 5.3100 -2.4480 0.0000 5.2840
4 16 -2.4720 0.0000 5.3100 -2.4480 0.0000 5.2840 -2.0080 0.0000 5.4660 -2.0100 0.0000 5.5010
4 16 -2.0080 0.0000 5.4660 -2.4480 0.0000 5.2840 -1.8920 0.0000 4.4510 -1.8120 0.0000 4.4840
1 16 -4.136000 0.000000 4.136000 0.177000 0.000000 -0.106000 0.000000 1.000000 0.000000 0.177000 0.000000 0.106000 2-4edge.DAT
1 16 -4.136000 0.000000 4.136000 0.177000 0.000000 -0.106000 0.000000 1.000000 0.000000 0.177000 0.000000 0.106000 2-4disc.DAT
1 16 -3.196000 0.000000 4.781000 0.749000 0.000000 0.334000 0.000000 1.000000 0.000000 0.500000 0.000000 -0.499000 2-4edge.DAT
1 16 -3.196000 0.000000 4.781000 0.749000 0.000000 0.334000 0.000000 1.000000 0.000000 0.500000 0.000000 -0.499000 2-4ndis.DAT
4 16 -2.1140 0.0000 4.7820 -3.6110 0.0000 3.7820 -3.3880 0.0000 3.4490 -1.8910 0.0000 4.4490
2 24 -3.9590 0.0000 4.3130 -3.9440 0.0000 4.2810
2 24 -4.3130 0.0000 3.9590 -4.2810 0.0000 3.9440
4 16 -4.3130 0.0000 3.9590 -4.2810 0.0000 3.9440 -3.9440 0.0000 4.2810 -3.9590 0.0000 4.3130
4 16 -3.9440 0.0000 4.2810 -4.2810 0.0000 3.9440 -3.4490 0.0000 3.3880 -3.3880 0.0000 3.4490
1 16 -5.405000 0.000000 2.241000 0.096000 0.000000 -0.139000 0.000000 1.000000 0.000000 0.231000 0.000000 0.057000 2-4edge.DAT
1 16 -5.405000 0.000000 2.241000 0.096000 0.000000 -0.139000 0.000000 1.000000 0.000000 0.231000 0.000000 0.057000 2-4disc.DAT
1 16 -4.783000 0.000000 3.196000 0.501000 0.000000 0.499000 0.000000 1.000000 0.000000 0.748000 0.000000 -0.334000 2-4edge.DAT
1 16 -4.783000 0.000000 3.196000 0.501000 0.000000 0.499000 0.000000 1.000000 0.000000 0.748000 0.000000 -0.334000 2-4ndis.DAT
4 16 -3.7840 0.0000 3.6110 -4.7840 0.0000 2.1140 -4.4510 0.0000 1.8920 -3.4500 0.0000 3.3890
2 24 -5.3100 0.0000 2.4720 -5.2840 0.0000 2.4480
2 24 -5.5010 0.0000 2.0100 -5.4660 0.0000 2.0080
4 16 -5.5010 0.0000 2.0100 -5.4660 0.0000 2.0080 -5.2840 0.0000 2.4480 -5.3100 0.0000 2.4720
4 16 -5.2840 0.0000 2.4480 -5.4660 0.0000 2.0080 -4.4840 0.0000 1.8120 -4.4510 0.0000 1.8920
1 16 -5.850000 0.000000 0.000000 0.000000 0.000000 -0.150000 0.000000 1.000000 0.000000 0.250000 0.000000 0.000000 2-4edge.DAT
1 16 -5.850000 0.000000 0.000000 0.000000 0.000000 -0.150000 0.000000 1.000000 0.000000 0.250000 0.000000 0.000000 2-4disc.DAT
1 16 -5.641000 0.000000 1.121000 0.176000 0.000000 0.589000 0.000000 1.000000 0.000000 0.883000 0.000000 -0.117000 2-4edge.DAT
1 16 -5.641000 0.000000 1.121000 0.176000 0.000000 0.589000 0.000000 1.000000 0.000000 0.883000 0.000000 -0.117000 2-4ndis.DAT
4 16 -4.8770 0.0000 1.8870 -5.2280 0.0000 0.1210 -4.8350 0.0000 0.0430 -4.4840 0.0000 1.8090
2 24 -5.8500 0.0000 0.2500 -5.8170 0.0000 0.2380
2 24 -5.8500 0.0000 -0.2500 -5.8170 0.0000 -0.2380
4 16 -5.8170 0.0000 0.2380 -5.8170 0.0000 -0.2380 -4.8350 0.0000 -0.0430 -4.8350 0.0000 0.0430
1 16 5.850000 0.000000 0.000000 0.000000 0.000000 0.150000 0.000000 1.000000 0.000000 -0.250000 0.000000 0.000000 2-4edge.DAT
1 16 5.850000 0.000000 0.000000 0.000000 0.000000 0.150000 0.000000 1.000000 0.000000 -0.250000 0.000000 0.000000 2-4disc.DAT
1 16 5.641000 0.000000 -1.121000 -0.176000 0.000000 -0.589000 0.000000 1.000000 0.000000 -0.883000 0.000000 0.117000 2-4edge.DAT
1 16 5.641000 0.000000 -1.121000 -0.176000 0.000000 -0.589000 0.000000 1.000000 0.000000 -0.883000 0.000000 0.117000 2-4ndis.DAT
4 16 4.8770 0.0000 -1.8870 5.2280 0.0000 -0.1210 4.8350 0.0000 -0.0430 4.4840 0.0000 -1.8090
2 24 5.8500 0.0000 -0.2500 5.8170 0.0000 -0.2380
2 24 5.8500 0.0000 0.2500 5.8170 0.0000 0.2380
4 16 5.8500 0.0000 0.2500 5.8170 0.0000 0.2380 5.8170 0.0000 -0.2380 5.8500 0.0000 -0.2500
4 16 5.8170 0.0000 -0.2380 5.8170 0.0000 0.2380 4.8350 0.0000 0.0430 4.8350 0.0000 -0.0430
1 16 -5.850000 0.000000 0.000000 0.000000 0.000000 -0.150000 0.000000 1.000000 0.000000 -0.250000 0.000000 0.000000 2-4edge.DAT
1 16 -5.850000 0.000000 0.000000 0.000000 0.000000 -0.150000 0.000000 1.000000 0.000000 -0.250000 0.000000 0.000000 2-4disc.DAT
1 16 -5.641000 0.000000 -1.121000 0.176000 0.000000 0.589000 0.000000 1.000000 0.000000 -0.883000 0.000000 0.117000 2-4edge.DAT
1 16 -5.641000 0.000000 -1.121000 0.176000 0.000000 0.589000 0.000000 1.000000 0.000000 -0.883000 0.000000 0.117000 2-4ndis.DAT
4 16 -4.4840 0.0000 -1.8090 -4.8350 0.0000 -0.0430 -5.2280 0.0000 -0.1210 -4.8770 0.0000 -1.8870
2 24 -5.8500 0.0000 -0.2500 -5.8170 0.0000 -0.2380
2 24 -5.8500 0.0000 0.2500 -5.8170 0.0000 0.2380
4 16 -5.8500 0.0000 -0.2500 -5.8170 0.0000 -0.2380 -5.8170 0.0000 0.2380 -5.8500 0.0000 0.2500
2 24 -5.4650 0.0000 -2.0040 -6.0000 0.0000 -2.2000
2 24 5.4650 0.0000 -2.0040 6.0000 0.0000 -2.2000
4 16 -4.4840 0.0000 -1.8090 -5.4650 0.0000 -2.0040 -4.8760 0.0000 -1.8870 -6.0000 0.0000 -2.2000
3 16 -4.4840 0.0000 -2.2000 -4.4840 0.0000 -1.8090 -6.0000 0.0000 -2.2000
4 16 6.0000 0.0000 -2.2000 5.4650 0.0000 -2.0040 4.8760 0.0000 -1.8870 4.4840 0.0000 -1.8090
3 16 6.0000 0.0000 -2.2000 4.4840 0.0000 -1.8090 4.4840 0.0000 -2.2000
1 16 0.000000 0.019000 5.850000 0.250000 0.000000 0.000000 0.000000 4.000000 -0.019000 0.000000 0.000000 0.150000 2-4cyli.DAT
0 BFC INVERTNEXT
1 16 1.121000 0.045000 5.641000 0.883000 0.000000 -0.117000 0.022000 4.000000 0.074000 -0.176000 0.000000 -0.589000 2-4cyli.DAT
4 16 0.2500 0.0190 5.8500 0.2380 0.0230 5.8170 0.2380 4.0230 5.8170 0.2500 4.0190 5.8500
4 16 -0.2500 4.0190 5.8500 -0.2380 4.0230 5.8170 -0.2380 0.0230 5.8170 -0.2500 0.0190 5.8500
1 16 2.241000 0.074000 5.405000 0.231000 0.000000 0.057000 0.012000 4.000000 -0.017000 -0.096000 0.000000 0.139000 2-4cyli.DAT
0 BFC INVERTNEXT
1 16 3.196000 0.152000 4.783000 0.748000 0.000000 -0.334000 0.063000 4.000000 0.062000 -0.501000 0.000000 -0.499000 2-4cyli.DAT
4 16 2.4720 0.0860 5.3100 2.4480 0.0900 5.2840 2.4480 4.0900 5.2840 2.4720 4.0860 5.3100
4 16 2.0100 4.0620 5.5010 2.0080 4.0670 5.4660 2.0080 0.0670 5.4660 2.0100 0.0620 5.5010
1 16 4.136000 0.233000 4.136000 0.177000 0.000000 0.106000 0.022000 4.000000 -0.013000 -0.177000 0.000000 0.106000 2-4cyli.DAT
0 BFC INVERTNEXT
1 16 4.781000 0.351000 3.196000 0.500000 0.000000 -0.499000 0.094000 4.000000 0.042000 -0.749000 0.000000 -0.334000 2-4cyli.DAT
4 16 4.3130 0.2550 3.9590 4.2810 0.2570 3.9440 4.2810 4.2570 3.9440 4.3130 4.2550 3.9590
4 16 3.9590 4.2110 4.3130 3.9440 4.2150 4.2810 3.9440 0.2150 4.2810 3.9590 0.2110 4.3130
1 16 5.405000 0.470000 2.241000 0.096000 0.000000 0.139000 0.029000 4.000000 0.000000 -0.231000 0.000000 0.057000 2-4cyli.DAT
0 BFC INVERTNEXT
1 16 5.642000 0.609000 1.125000 0.176000 0.000000 -0.589000 0.110000 4.000000 0.015000 -0.883000 0.000000 -0.117000 2-4cyli.DAT
4 16 5.5010 0.4990 2.0100 5.4660 0.4990 2.0080 5.4660 4.4990 2.0080 5.5010 4.4990 2.0100
4 16 5.3100 4.4410 2.4720 5.2840 4.4440 2.4480 5.2840 0.4440 2.4480 5.3100 0.4410 2.4720
1 16 -2.241000 0.074000 5.405000 0.231000 0.000000 -0.057000 -0.012000 4.000000 -0.017000 0.096000 0.000000 0.139000 2-4cyli.DAT
0 BFC INVERTNEXT
1 16 -1.125000 0.045000 5.642000 0.883000 0.000000 0.117000 -0.022000 4.000000 0.074000 0.176000 0.000000 -0.589000 2-4cyli.DAT
4 16 -2.0100 0.0620 5.5010 -2.0080 0.0670 5.4660 -2.0080 4.0670 5.4660 -2.0100 4.0620 5.5010
4 16 -2.4720 4.0860 5.3100 -2.4480 4.0900 5.2840 -2.4480 0.0900 5.2840 -2.4720 0.0860 5.3100
1 16 -4.136000 0.233000 4.136000 0.177000 0.000000 -0.106000 -0.022000 4.000000 -0.013000 0.177000 0.000000 0.106000 2-4cyli.DAT
0 BFC INVERTNEXT
1 16 -3.196000 0.152000 4.781000 0.749000 0.000000 0.334000 -0.063000 4.000000 0.062000 0.500000 0.000000 -0.499000 2-4cyli.DAT
4 16 -3.9590 0.2110 4.3130 -3.9440 0.2150 4.2810 -3.9440 4.2150 4.2810 -3.9590 4.2110 4.3130
4 16 -4.3130 4.2550 3.9590 -4.2810 4.2570 3.9440 -4.2810 0.2570 3.9440 -4.3130 0.2550 3.9590
1 16 -5.405000 0.470000 2.241000 0.096000 0.000000 -0.139000 -0.029000 4.000000 0.000000 0.231000 0.000000 0.057000 2-4cyli.DAT
0 BFC INVERTNEXT
1 16 -4.783000 0.351000 3.196000 0.501000 0.000000 0.499000 -0.094000 4.000000 0.042000 0.748000 0.000000 -0.334000 2-4cyli.DAT
4 16 -5.3100 0.4410 2.4720 -5.2840 0.4440 2.4480 -5.2840 4.4440 2.4480 -5.3100 4.4410 2.4720
4 16 -5.5010 4.4990 2.0100 -5.4660 4.4990 2.0080 -5.4660 0.4990 2.0080 -5.5010 0.4990 2.0100
1 16 -5.850000 0.750000 0.000000 0.000000 0.000000 -0.150000 -0.031000 4.000000 0.000000 0.250000 0.000000 0.000000 2-4cyli.DAT
0 BFC INVERTNEXT
1 16 -5.641000 0.610000 1.121000 0.176000 0.000000 0.589000 -0.110000 4.000000 0.015000 0.883000 0.000000 -0.117000 2-4cyli.DAT
4 16 -5.8500 0.7190 0.2500 -5.8170 0.7200 0.2380 -5.8170 4.7200 0.2380 -5.8500 4.7190 0.2500
4 16 -5.8500 4.7810 -0.2500 -5.8170 4.7800 -0.2380 -5.8170 0.7800 -0.2380 -5.8500 0.7810 -0.2500
1 16 5.850000 0.750000 0.000000 0.000000 0.000000 0.150000 0.031000 4.000000 0.000000 -0.250000 0.000000 0.000000 2-4cyli.DAT
0 BFC INVERTNEXT
1 16 5.641000 0.890000 -1.121000 -0.176000 0.000000 -0.589000 0.110000 4.000000 -0.015000 -0.883000 0.000000 0.117000 2-4cyli.DAT
4 16 5.8500 0.7810 -0.2500 5.8170 0.7800 -0.2380 5.8170 4.7800 -0.2380 5.8500 4.7810 -0.2500
4 16 5.8500 4.7190 0.2500 5.8170 4.7200 0.2380 5.8170 0.7200 0.2380 5.8500 0.7190 0.2500
1 16 -5.850000 0.750000 0.000000 0.000000 0.000000 -0.150000 0.031000 4.000000 0.000000 -0.250000 0.000000 0.000000 2-4cyli.DAT
0 BFC INVERTNEXT
1 16 -5.641000 0.890000 -1.121000 0.176000 0.000000 0.589000 0.110000 4.000000 -0.015000 -0.883000 0.000000 0.117000 2-4cyli.DAT
4 16 -5.8500 0.7190 0.2500 -5.8170 0.7200 0.2380 -5.8170 4.7200 0.2380 -5.8500 4.7190 0.2500
4 16 -6.0000 1.0250 -2.2000 -5.4650 1.0010 -2.0040 -5.4650 5.0010 -2.0040 -6.0000 5.0250 -2.2000
4 16 6.0000 5.0250 -2.2000 5.4650 5.0010 -2.0040 5.4650 1.0010 -2.0040 6.0000 1.0250 -2.2000
1 16 0.000000 0.000000 5.850000 0.250000 0.000000 0.000000 0.000000 1.000000 0.000000 0.000000 0.000000 0.150000 2-4cyli.DAT
0 BFC INVERTNEXT
1 16 1.121000 0.000000 5.641000 0.883000 0.000000 -0.117000 0.000000 1.000000 0.000000 -0.176000 0.000000 -0.589000 2-4cyli.DAT
4 16 0.2500 0.0000 5.8500 0.2380 0.0000 5.8170 0.2380 1.0000 5.8170 0.2500 1.0000 5.8500
4 16 -0.2500 0.0000 5.8500 -0.2380 0.0000 5.8170 -0.2380 1.0000 5.8170 -0.2500 1.0000 5.8500
1 16 2.241000 0.000000 5.405000 0.231000 0.000000 0.057000 0.000000 1.000000 0.000000 -0.096000 0.000000 0.139000 2-4cyli.DAT
0 BFC INVERTNEXT
1 16 3.196000 0.000000 4.783000 0.748000 0.000000 -0.334000 0.000000 1.000000 0.000000 -0.501000 0.000000 -0.499000 2-4cyli.DAT
4 16 2.4720 0.0000 5.3100 2.4480 0.0000 5.2840 2.4480 1.0000 5.2840 2.4720 1.0000 5.3100
4 16 2.0100 1.0000 5.5010 2.0080 1.0000 5.4660 2.0080 0.0000 5.4660 2.0100 0.0000 5.5010
1 16 4.136000 0.000000 4.136000 0.177000 0.000000 0.106000 0.000000 1.000000 0.000000 -0.177000 0.000000 0.106000 2-4cyli.DAT
0 BFC INVERTNEXT
1 16 4.781000 0.000000 3.196000 0.500000 0.000000 -0.499000 0.000000 1.000000 0.000000 -0.749000 0.000000 -0.334000 2-4cyli.DAT
4 16 4.3130 0.0000 3.9590 4.2810 0.0000 3.9440 4.2810 1.0000 3.9440 4.3130 1.0000 3.9590
4 16 3.9590 1.0000 4.3130 3.9440 1.0000 4.2810 3.9440 0.0000 4.2810 3.9590 0.0000 4.3130
1 16 5.405000 0.000000 2.241000 0.096000 0.000000 0.139000 0.000000 1.000000 0.000000 -0.231000 0.000000 0.057000 2-4cyli.DAT
0 BFC INVERTNEXT
1 16 5.642000 0.000000 1.125000 0.176000 0.000000 -0.589000 0.000000 1.000000 0.000000 -0.883000 0.000000 -0.117000 2-4cyli.DAT
4 16 5.5010 0.0000 2.0100 5.4660 0.0000 2.0080 5.4660 1.0000 2.0080 5.5010 1.0000 2.0100
4 16 5.3100 1.0000 2.4720 5.2840 1.0000 2.4480 5.2840 0.0000 2.4480 5.3100 0.0000 2.4720
1 16 -2.241000 0.000000 5.405000 0.231000 0.000000 -0.057000 0.000000 1.000000 0.000000 0.096000 0.000000 0.139000 2-4cyli.DAT
0 BFC INVERTNEXT
1 16 -1.125000 0.000000 5.642000 0.883000 0.000000 0.117000 0.000000 1.000000 0.000000 0.176000 0.000000 -0.589000 2-4cyli.DAT
4 16 -2.0100 0.0000 5.5010 -2.0080 0.0000 5.4660 -2.0080 1.0000 5.4660 -2.0100 1.0000 5.5010
4 16 -2.4720 1.0000 5.3100 -2.4480 1.0000 5.2840 -2.4480 0.0000 5.2840 -2.4720 0.0000 5.3100
1 16 -4.136000 0.000000 4.136000 0.177000 0.000000 -0.106000 0.000000 1.000000 0.000000 0.177000 0.000000 0.106000 2-4cyli.DAT
0 BFC INVERTNEXT
1 16 -3.196000 0.000000 4.781000 0.749000 0.000000 0.334000 0.000000 1.000000 0.000000 0.500000 0.000000 -0.499000 2-4cyli.DAT
4 16 -3.9590 0.0000 4.3130 -3.9440 0.0000 4.2810 -3.9440 1.0000 4.2810 -3.9590 1.0000 4.3130
4 16 -4.3130 1.0000 3.9590 -4.2810 1.0000 3.9440 -4.2810 0.0000 3.9440 -4.3130 0.0000 3.9590
1 16 -5.405000 0.000000 2.241000 0.096000 0.000000 -0.139000 0.000000 1.000000 0.000000 0.231000 0.000000 0.057000 2-4cyli.DAT
0 BFC INVERTNEXT
1 16 -4.783000 0.000000 3.196000 0.501000 0.000000 0.499000 0.000000 1.000000 0.000000 0.748000 0.000000 -0.334000 2-4cyli.DAT
4 16 -5.3100 0.0000 2.4720 -5.2840 0.0000 2.4480 -5.2840 1.0000 2.4480 -5.3100 1.0000 2.4720
4 16 -5.5010 1.0000 2.0100 -5.4660 1.0000 2.0080 -5.4660 0.0000 2.0080 -5.5010 0.0000 2.0100
1 16 -5.850000 0.000000 0.000000 0.000000 0.000000 -0.150000 0.000000 1.000000 0.000000 0.250000 0.000000 0.000000 2-4cyli.DAT
0 BFC INVERTNEXT
1 16 -5.641000 0.000000 1.121000 0.176000 0.000000 0.589000 0.000000 1.000000 0.000000 0.883000 0.000000 -0.117000 2-4cyli.DAT
4 16 -5.8500 0.0000 0.2500 -5.8170 0.0000 0.2380 -5.8170 1.0000 0.2380 -5.8500 1.0000 0.2500
4 16 -5.8500 1.0000 -0.2500 -5.8170 1.0000 -0.2380 -5.8170 0.0000 -0.2380 -5.8500 0.0000 -0.2500
1 16 5.850000 0.000000 0.000000 0.000000 0.000000 0.150000 0.000000 1.000000 0.000000 -0.250000 0.000000 0.000000 2-4cyli.DAT
0 BFC INVERTNEXT
1 16 5.641000 0.000000 -1.121000 -0.176000 0.000000 -0.589000 0.000000 1.000000 0.000000 -0.883000 0.000000 0.117000 2-4cyli.DAT
4 16 5.8500 0.0000 -0.2500 5.8170 0.0000 -0.2380 5.8170 1.0000 -0.2380 5.8500 1.0000 -0.2500
4 16 5.8500 1.0000 0.2500 5.8170 1.0000 0.2380 5.8170 0.0000 0.2380 5.8500 0.0000 0.2500
1 16 -5.850000 0.000000 0.000000 0.000000 0.000000 -0.150000 0.000000 1.000000 0.000000 -0.250000 0.000000 0.000000 2-4cyli.DAT
0 BFC INVERTNEXT
1 16 -5.641000 0.000000 -1.121000 0.176000 0.000000 0.589000 0.000000 1.000000 0.000000 -0.883000 0.000000 0.117000 2-4cyli.DAT
4 16 -5.8500 0.0000 0.2500 -5.8170 0.0000 0.2380 -5.8170 1.0000 0.2380 -5.8500 1.0000 0.2500
4 16 -6.0000 0.0000 -2.2000 -5.4650 0.0000 -2.0040 -5.4650 1.0000 -2.0040 -6.0000 1.0000 -2.2000
4 16 6.0000 1.0000 -2.2000 5.4650 1.0000 -2.0040 5.4650 0.0000 -2.0040 6.0000 0.0000 -2.2000
1 16 0.000000 4.019000 5.850000 0.250000 0.000000 0.000000 0.000000 4.000000 -0.019000 0.000000 0.000000 0.150000 2-4edge.DAT
0 BFC INVERTNEXT
1 16 0.000000 4.019000 5.850000 0.250000 0.000000 0.000000 0.000000 4.000000 -0.019000 0.000000 0.000000 0.150000 2-4disc.DAT
1 16 1.121000 4.045000 5.641000 0.883000 0.000000 -0.117000 0.022000 4.000000 0.074000 -0.176000 0.000000 -0.589000 2-4edge.DAT
0 BFC INVERTNEXT
1 16 1.121000 4.045000 5.641000 0.883000 0.000000 -0.117000 0.022000 4.000000 0.074000 -0.176000 0.000000 -0.589000 2-4ndis.DAT
4 16 1.8090 4.1900 4.4840 0.0430 4.1460 4.8350 0.1210 4.0970 5.2280 1.8870 4.1400 4.8770
2 24 0.2500 4.0190 5.8500 0.2380 4.0230 5.8170
2 24 -0.2500 4.0190 5.8500 -0.2380 4.0230 5.8170
4 16 0.2500 4.0190 5.8500 0.2380 4.0230 5.8170 -0.2380 4.0230 5.8170 -0.2500 4.0190 5.8500
4 16 0.0430 4.1460 4.8350 -0.0430 4.1460 4.8350 -0.2380 4.0230 5.8170 0.2380 4.0230 5.8170
1 16 2.241000 4.074000 5.405000 0.231000 0.000000 0.057000 0.012000 4.000000 -0.017000 -0.096000 0.000000 0.139000 2-4edge.DAT
0 BFC INVERTNEXT
1 16 2.241000 4.074000 5.405000 0.231000 0.000000 0.057000 0.012000 4.000000 -0.017000 -0.096000 0.000000 0.139000 2-4disc.DAT
1 16 3.196000 4.152000 4.783000 0.748000 0.000000 -0.334000 0.063000 4.000000 0.062000 -0.501000 0.000000 -0.499000 2-4edge.DAT
0 BFC INVERTNEXT
1 16 3.196000 4.152000 4.783000 0.748000 0.000000 -0.334000 0.063000 4.000000 0.062000 -0.501000 0.000000 -0.499000 2-4ndis.DAT
4 16 3.3890 4.3190 3.4500 1.8920 4.1940 4.4510 2.1140 4.1520 4.7840 3.6110 4.2770 3.7840
2 24 2.4720 4.0860 5.3100 2.4480 4.0900 5.2840
2 24 2.0100 4.0620 5.5010 2.0080 4.0670 5.4660
4 16 2.4720 4.0860 5.3100 2.4480 4.0900 5.2840 2.0080 4.0670 5.4660 2.0100 4.0620 5.5010
4 16 1.8920 4.1940 4.4510 1.8120 4.1900 4.4840 2.0080 4.0670 5.4660 2.4480 4.0900 5.2840
1 16 4.136000 4.233000 4.136000 0.177000 0.000000 0.106000 0.022000 4.000000 -0.013000 -0.177000 0.000000 0.106000 2-4edge.DAT
0 BFC INVERTNEXT
1 16 4.136000 4.233000 4.136000 0.177000 0.000000 0.106000 0.022000 4.000000 -0.013000 -0.177000 0.000000 0.106000 2-4disc.DAT
1 16 4.781000 4.351000 3.196000 0.500000 0.000000 -0.499000 0.094000 4.000000 0.042000 -0.749000 0.000000 -0.334000 2-4edge.DAT
0 BFC INVERTNEXT
1 16 4.781000 4.351000 3.196000 0.500000 0.000000 -0.499000 0.094000 4.000000 0.042000 -0.749000 0.000000 -0.334000 2-4ndis.DAT
4 16 4.4490 4.5140 1.8910 3.4490 4.3270 3.3880 3.7820 4.2990 3.6110 4.7820 4.4860 2.1140
2 24 4.3130 4.2550 3.9590 4.2810 4.2570 3.9440
2 24 3.9590 4.2110 4.3130 3.9440 4.2150 4.2810
4 16 4.3130 4.2550 3.9590 4.2810 4.2570 3.9440 3.9440 4.2150 4.2810 3.9590 4.2110 4.3130
4 16 3.4490 4.3270 3.3880 3.3880 4.3190 3.4490 3.9440 4.2150 4.2810 4.2810 4.2570 3.9440
1 16 5.405000 4.470000 2.241000 0.096000 0.000000 0.139000 0.029000 4.000000 0.000000 -0.231000 0.000000 0.057000 2-4edge.DAT
0 BFC INVERTNEXT
1 16 5.405000 4.470000 2.241000 0.096000 0.000000 0.139000 0.029000 4.000000 0.000000 -0.231000 0.000000 0.057000 2-4disc.DAT
1 16 5.642000 4.609000 1.125000 0.176000 0.000000 -0.589000 0.110000 4.000000 0.015000 -0.883000 0.000000 -0.117000 2-4edge.DAT
0 BFC INVERTNEXT
1 16 5.642000 4.609000 1.125000 0.176000 0.000000 -0.589000 0.110000 4.000000 0.015000 -0.883000 0.000000 -0.117000 2-4ndis.DAT
4 16 4.8360 4.7440 0.0460 4.4840 4.5240 1.8120 4.8770 4.5140 1.8910 5.2290 4.7350 0.1240
2 24 5.5010 4.4990 2.0100 5.4660 4.4990 2.0080
2 24 5.3100 4.4410 2.4720 5.2840 4.4440 2.4480
4 16 5.5010 4.4990 2.0100 5.4660 4.4990 2.0080 5.2840 4.4440 2.4480 5.3100 4.4410 2.4720
4 16 4.4840 4.5240 1.8120 4.4510 4.5140 1.8920 5.2840 4.4440 2.4480 5.4660 4.4990 2.0080
1 16 -2.241000 4.074000 5.405000 0.231000 0.000000 -0.057000 -0.012000 4.000000 -0.017000 0.096000 0.000000 0.139000 2-4edge.DAT
0 BFC INVERTNEXT
1 16 -2.241000 4.074000 5.405000 0.231000 0.000000 -0.057000 -0.012000 4.000000 -0.017000 0.096000 0.000000 0.139000 2-4disc.DAT
1 16 -1.125000 4.045000 5.642000 0.883000 0.000000 0.117000 -0.022000 4.000000 0.074000 0.176000 0.000000 -0.589000 2-4edge.DAT
0 BFC INVERTNEXT
1 16 -1.125000 4.045000 5.642000 0.883000 0.000000 0.117000 -0.022000 4.000000 0.074000 0.176000 0.000000 -0.589000 2-4ndis.DAT
4 16 -0.0460 4.1460 4.8360 -1.8120 4.1900 4.4840 -1.8910 4.1400 4.8770 -0.1240 4.0960 5.2290
2 24 -2.0100 4.0620 5.5010 -2.0080 4.0670 5.4660
2 24 -2.4720 4.0860 5.3100 -2.4480 4.0900 5.2840
4 16 -2.0100 4.0620 5.5010 -2.0080 4.0670 5.4660 -2.4480 4.0900 5.2840 -2.4720 4.0860 5.3100
4 16 -1.8120 4.1900 4.4840 -1.8920 4.1940 4.4510 -2.4480 4.0900 5.2840 -2.0080 4.0670 5.4660
1 16 -4.136000 4.233000 4.136000 0.177000 0.000000 -0.106000 -0.022000 4.000000 -0.013000 0.177000 0.000000 0.106000 2-4edge.DAT
0 BFC INVERTNEXT
1 16 -4.136000 4.233000 4.136000 0.177000 0.000000 -0.106000 -0.022000 4.000000 -0.013000 0.177000 0.000000 0.106000 2-4disc.DAT
1 16 -3.196000 4.152000 4.781000 0.749000 0.000000 0.334000 -0.063000 4.000000 0.062000 0.500000 0.000000 -0.499000 2-4edge.DAT
0 BFC INVERTNEXT
1 16 -3.196000 4.152000 4.781000 0.749000 0.000000 0.334000 -0.063000 4.000000 0.062000 0.500000 0.000000 -0.499000 2-4ndis.DAT
4 16 -1.8910 4.1940 4.4490 -3.3880 4.3190 3.4490 -3.6110 4.2770 3.7820 -2.1140 4.1520 4.7820
2 24 -3.9590 4.2110 4.3130 -3.9440 4.2150 4.2810
2 24 -4.3130 4.2550 3.9590 -4.2810 4.2570 3.9440
4 16 -3.9590 4.2110 4.3130 -3.9440 4.2150 4.2810 -4.2810 4.2570 3.9440 -4.3130 4.2550 3.9590
4 16 -3.3880 4.3190 3.4490 -3.4490 4.3270 3.3880 -4.2810 4.2570 3.9440 -3.9440 4.2150 4.2810
1 16 -5.405000 4.470000 2.241000 0.096000 0.000000 -0.139000 -0.029000 4.000000 0.000000 0.231000 0.000000 0.057000 2-4edge.DAT
0 BFC INVERTNEXT
1 16 -5.405000 4.470000 2.241000 0.096000 0.000000 -0.139000 -0.029000 4.000000 0.000000 0.231000 0.000000 0.057000 2-4disc.DAT
1 16 -4.783000 4.351000 3.196000 0.501000 0.000000 0.499000 -0.094000 4.000000 0.042000 0.748000 0.000000 -0.334000 2-4edge.DAT
0 BFC INVERTNEXT
1 16 -4.783000 4.351000 3.196000 0.501000 0.000000 0.499000 -0.094000 4.000000 0.042000 0.748000 0.000000 -0.334000 2-4ndis.DAT
4 16 -3.4500 4.3260 3.3890 -4.4510 4.5140 1.8920 -4.7840 4.4860 2.1140 -3.7840 4.2990 3.6110
2 24 -5.3100 4.4410 2.4720 -5.2840 4.4440 2.4480
2 24 -5.5010 4.4990 2.0100 -5.4660 4.4990 2.0080
4 16 -5.3100 4.4410 2.4720 -5.2840 4.4440 2.4480 -5.4660 4.4990 2.0080 -5.5010 4.4990 2.0100
4 16 -4.4510 4.5140 1.8920 -4.4840 4.5240 1.8120 -5.4660 4.4990 2.0080 -5.2840 4.4440 2.4480
1 16 -5.850000 4.750000 0.000000 0.000000 0.000000 -0.150000 -0.031000 4.000000 0.000000 0.250000 0.000000 0.000000 2-4edge.DAT
0 BFC INVERTNEXT
1 16 -5.850000 4.750000 0.000000 0.000000 0.000000 -0.150000 -0.031000 4.000000 0.000000 0.250000 0.000000 0.000000 2-4disc.DAT
1 16 -5.641000 4.610000 1.121000 0.176000 0.000000 0.589000 -0.110000 4.000000 0.015000 0.883000 0.000000 -0.117000 2-4edge.DAT
0 BFC INVERTNEXT
1 16 -5.641000 4.610000 1.121000 0.176000 0.000000 0.589000 -0.110000 4.000000 0.015000 0.883000 0.000000 -0.117000 2-4ndis.DAT
4 16 -4.4840 4.5240 1.8090 -4.8350 4.7450 0.0430 -5.2280 4.7350 0.1210 -4.8770 4.5140 1.8870
2 24 -5.8500 4.7190 0.2500 -5.8170 4.7200 0.2380
2 24 -5.8500 4.7810 -0.2500 -5.8170 4.7800 -0.2380
4 16 -4.8350 4.7450 0.0430 -4.8350 4.7550 -0.0430 -5.8170 4.7800 -0.2380 -5.8170 4.7200 0.2380
1 16 5.850000 4.750000 0.000000 0.000000 0.000000 0.150000 0.031000 4.000000 0.000000 -0.250000 0.000000 0.000000 2-4edge.DAT
0 BFC INVERTNEXT
1 16 5.850000 4.750000 0.000000 0.000000 0.000000 0.150000 0.031000 4.000000 0.000000 -0.250000 0.000000 0.000000 2-4disc.DAT
1 16 5.641000 4.890000 -1.121000 -0.176000 0.000000 -0.589000 0.110000 4.000000 -0.015000 -0.883000 0.000000 0.117000 2-4edge.DAT
0 BFC INVERTNEXT
1 16 5.641000 4.890000 -1.121000 -0.176000 0.000000 -0.589000 0.110000 4.000000 -0.015000 -0.883000 0.000000 0.117000 2-4ndis.DAT
4 16 4.4840 4.9760 -1.8090 4.8350 4.7550 -0.0430 5.2280 4.7650 -0.1210 4.8770 4.9860 -1.8870
2 24 5.8500 4.7810 -0.2500 5.8170 4.7800 -0.2380
2 24 5.8500 4.7190 0.2500 5.8170 4.7200 0.2380
4 16 5.8500 4.7810 -0.2500 5.8170 4.7800 -0.2380 5.8170 4.7200 0.2380 5.8500 4.7190 0.2500
4 16 4.8350 4.7550 -0.0430 4.8350 4.7450 0.0430 5.8170 4.7200 0.2380 5.8170 4.7800 -0.2380
1 16 -5.641000 4.890000 -1.121000 0.176000 0.000000 0.589000 0.110000 4.000000 -0.015000 -0.883000 0.000000 0.117000 2-4edge.DAT
0 BFC INVERTNEXT
1 16 -5.641000 4.890000 -1.121000 0.176000 0.000000 0.589000 0.110000 4.000000 -0.015000 -0.883000 0.000000 0.117000 2-4ndis.DAT
4 16 -4.8770 4.9860 -1.8870 -5.2280 4.7650 -0.1210 -4.8350 4.7550 -0.0430 -4.4840 4.9760 -1.8090
2 24 -5.8500 4.7810 -0.2500 -5.8170 4.7800 -0.2380
2 24 -5.8500 4.7190 0.2500 -5.8170 4.7200 0.2380
4 16 -5.8500 4.7190 0.2500 -5.8170 4.7200 0.2380 -5.8170 4.7800 -0.2380 -5.8500 4.7810 -0.2500
2 24 -5.4650 5.0010 -2.0040 -6.0000 5.0250 -2.2000
2 24 5.4650 5.0010 -2.0040 6.0000 5.0250 -2.2000
4 16 -6.0000 5.0250 -2.2000 -5.4650 5.0010 -2.0040 -4.8760 4.9860 -1.8870 -4.4840 4.9760 -1.8090
3 16 -6.0000 5.0250 -2.2000 -4.4840 4.9760 -1.8090 -4.4840 5.0250 -2.2000
4 16 4.4840 4.9760 -1.8090 5.4650 5.0010 -2.0040 4.8760 4.9860 -1.8870 6.0000 5.0250 -2.2000
3 16 4.4840 5.0250 -2.2000 4.4840 4.9760 -1.8090 6.0000 5.0250 -2.2000
1 16 0.000000 0.000000 0.000000 5.000000 0.000000 0.000000 0.000000 1.000000 0.000000 0.000000 0.000000 5.000000 4-4disc.DAT
1 16 0.000000 0.000000 0.000000 4.000000 0.000000 0.000000 0.000000 1.000000 0.000000 0.000000 0.000000 4.000000 4-4edge.DAT
0 BFC INVERTNEXT
1 16 0.000000 4.750000 0.000000 5.000000 0.000000 0.000000 0.000000 1.000000 -0.687500 0.000000 0.000000 5.000000 4-4disc.DAT
1 16 0.000000 -1.000000 0.000000 -3.000000 0.000000 0.000000 0.000000 -1.000000 0.000000 0.000000 0.000000 3.000000 4-4edge.dat
1 16 0.000000 0.000000 0.000000 -4.000000 0.000000 0.000000 0.000000 -1.000000 0.000000 0.000000 0.000000 4.000000 4-4edge.dat
1 16 0.000000 0.000000 0.000000 -1.000000 0.000000 0.000000 0.000000 -1.000000 0.000000 0.000000 0.000000 1.000000 1-4con3.dat
1 16 0.000000 0.000000 0.000000 1.000000 0.000000 0.000000 0.000000 -1.000000 0.000000 0.000000 0.000000 1.000000 1-4con3.dat
1 16 0.000000 0.000000 0.000000 -1.000000 0.000000 0.000000 0.000000 -1.000000 0.000000 0.000000 0.000000 -1.000000 1-4con3.dat
1 16 0.000000 0.000000 0.000000 1.000000 0.000000 0.000000 0.000000 -1.000000 0.000000 0.000000 0.000000 -1.000000 1-4con3.dat
0 BFC INVERTNEXT
1 16 0.000000 -1.000000 0.000000 -3.000000 0.000000 0.000000 0.000000 -1.000000 0.000000 0.000000 0.000000 3.000000 4-4disc.dat
2 24 -6.0000 5.0250 -2.2000 -6.0000 6.0000 -10.0000
2 24 6.0000 5.0250 -2.2000 6.0000 5.5000 -6.0000
4 16 6.0000 5.0250 -2.2000 6.0000 5.5000 -6.0000 -6.0000 5.5000 -6.0000 -6.0000 5.0250 -2.2000
2 24 -6.0000 0.0000 -2.2000 -6.0000 0.0000 -10.0000
2 24 6.0000 0.0000 -2.2000 6.0000 0.0000 -6.0000
4 16 -6.0000 0.0000 -2.2000 -6.0000 0.0000 -6.0000 6.0000 0.0000 -6.0000 6.0000 0.0000 -2.2000
4 16 -6.0000 5.0250 -2.2000 -6.0000 6.0000 -10.0000 -6.0000 0.0000 -10.0000 -6.0000 0.0000 -2.2000
4 16 6.0000 0.0000 -2.2000 6.0000 0.0000 -6.0000 6.0000 5.5000 -6.0000 6.0000 5.0250 -2.2000
2 24 2.0000 0.0000 -10.0000 6.0000 0.0000 -6.0000
2 24 2.0000 6.0000 -10.0000 6.0000 5.5000 -6.0000
2 24 6.0000 0.0000 -6.0000 6.0000 5.5000 -6.0000
4 16 2.0000 6.0000 -10.0000 6.0000 5.5000 -6.0000 6.0000 0.0000 -6.0000 2.0000 0.0000 -10.0000
4 16 2.0000 0.0000 -10.0000 6.0000 0.0000 -6.0000 -6.0000 0.0000 -6.0000 -6.0000 0.0000 -10.0000
4 16 -6.0000 6.0000 -10.0000 -6.0000 5.5000 -6.0000 6.0000 5.5000 -6.0000 2.0000 6.0000 -10.0000
