0 ~Brick 1 x 1 with Scroll
0 Name: s\48\20310s01.dat
0 Author: BLStudio
0 !LICENSE Redistributable under CCAL version 2.0 : see CAreadme.txt
0 BFC CERTIFY CCW
1 16 0 0 -20 0 0 1 0 1 0 -1 0 0 stud2a.dat
0 BFC INVERTNEXT
1 16 0 3 -20 -3 0 0 0 -3 0 0 0 3 4-4cylc.dat
1 16 0 0 -20 1 0 0 0 1 0 0 0 1 4-4ring3.dat
1 16 0 0 -20 4 0 0 0 1 0 0 0 4 4-4edge.dat
1 16 0 0 -20 6 0 0 0 1 0 0 0 6 2-4edge.dat
1 16 0 0 -20 6 0 0 0 1 0 0 0 6 2-4ndis.dat
4 16 -6 0 -14 6 0 -14 6 0 -10 -6 0 -10
1 16 0 4 -12.25 -3.5 0 0 0 -1 0 0 0 2.25 rect3.dat
1 16 0 6 -13.5 -0.5 0 0 0 0 -2 0 -1 0 rect3.dat
1 16 0 0 -20 0 0 -6 0 2 0 6 0 0 1-8cyls2.dat
1 16 0 0 -20 0 0 6 0 2 0 6 0 0 1-8cyls2.dat
1 16 0 0 -20 -4.24264 0 4.24264 0 1.4142 0 -4.24264 0 -4.24264 1-4cyli.dat
1 16 0 1.4142 -20 -4.24264 0 4.24264 0 3 0 -4.24264 0 -4.24264 1-4cyli.dat
2 24 -6 16 -10 -6 0 -10
2 24 -3.5 16 -10 -3.5 4 -10
2 24 -6 0 -10 -6 0 -20
1 16 -0.5 8 -20 0 1 0 8 0 0 0 0 -8 3-8cylo.dat
1 16 -3.5 8 -20 0 -2.5 0 8 0 0 0 0 -8 2-4cyli.dat
1 16 -3.5 8 -20 0 -1 0 8 0 0 0 0 -8 7-16edge.dat
1 16 -2.5 8 -20 0 1 0 7 0 0 0 0 -7 3-8cylo.dat
1 16 -3.5 8 -20 0 1 0 1 0 0 0 0 -1 3-8con7.dat
1 16 -0.5 8 -20 0 -1 0 1 0 0 0 0 -1 3-8con7.dat
3 16 -3.5 0.6088 -23.0616 -3.5 2.3432 -25.656799 -2.5 3.0503 -24.949699
1 16 -6 8 -20 0 -0.5 0 -8 0 0 0 0 -8 2-4cyls.dat
1 16 -10 9.2 -19.799999 0 -1 0 2.5 0 0 0 0 2.5 4-4edge.dat
1 16 -10 9.2 -19.799999 0 2.5 0 2.5 0 0 0 0 2.5 4-4cyli.dat
1 16 -10 9.2 -19.799999 0 1 0 2.5 0 0 0 0 2.5 4-4disc.dat
1 16 -3.5 8 -20 0 -2.5 0 8 0 0 0 0 6.5 1-4cyli.dat
1 16 -3.5 8 -20 0 -1 0 8 0 0 0 0 6.5 1-4edge.dat
1 16 -7.5 8 -20 0.5 1 0 8 0 0 0 0 6.5 1-4edge.dat
1 16 -6 8 -20 0 -1 0 8 0 0 0 0 6.5 1-4cyli.dat
1 16 -7 8 -20 0 -0.5 0 8 0 0 0 0 6.5 1-4cyls.dat
0 BFC INVERTNEXT
1 16 -6 16 -17 0 2.5 0 0 0 -7 7 0 0 3-16cylo.dat
1 16 -3.5 16 -17 0 -1 0 0 0 -7 7 0 0 3-16ndis.dat
4 16 -3.5 4 -14.5 -3.5 9.5327 -14.3211 -3.5 9 -10 -3.5 4 -10
1 16 -6 16 -17 0 1 0 0 0 -7 7 0 0 3-16ndis.dat
4 16 -6 0 -10 -6 9 -10 -6 9.5327 -14.3211 -6 3 -19.5
3 16 -6 3 -19.5 -6 0 -20 -6 0 -10
1 16 -6 8 -19.5 0 -1.8 0.3 -5 0 0 0 0 6 1-4cyli.dat
1 16 -6.3 8 -19.5 0 -1.5 -0.5 -5 0 0 0 0 -5.5 1-4cyli.dat
1 16 -6.3 8 -19.5 -0.5 0.3 0 0 0 -5 -5.5 0 0 1-4cyls.dat
1 16 -7.3 8 -20 0 -1.5 0.5 4.5 0 0 0 0 -5 1-4cyli.dat
1 16 -7.3 8.5 -20 0 -1.5 0 4 0 0 0 0 2 3-16cyli.dat
1 16 -0.5 8 -20 0 1 0 8 0 0 0 0 6.5 1-4cylo.dat
1 16 -2.5 8 -20 0 1 0 7 0 0 0 0 5.6875 1-4cylo.dat
1 16 -3.5 8 -20 0 1 0 1 0 0 0 0 0.8125 1-4con7.dat
1 16 -0.5 8 -20 0 -1 0 1 0 0 0 0 0.8125 1-4con7.dat
1 16 -1 6 -13.9062 -0.5 0 0 0 0 -2 -0.40625 -1 0 rect2a.dat
1 16 -2 6 -14.3125 -0.5 0 0 0 0 -2 0 -1 0 rect2a.dat
1 16 -3 6 -13.9062 -0.5 0 0 0 0 -2 0.40625 -1 0 rect2a.dat
1 16 -6 8 -19.5 0 -1 -0.8 -5 0 0 0 0 -5.5 1-4edge.dat
1 16 -7.3 8 -20 0 -1 0.5 4.5 0 0 0 0 -5 1-4edge.dat
1 16 -6.5 8 -20 -0.5 -1 0 8 0 0 0 0 -8 2-4edge.dat
3 16 -6.3062 3.3805 -21.604799 -6 0 -20 -6 3 -19.5
3 16 -6.0381 0.6088 -23.0616 -6 0 -20 -6.3062 3.3805 -21.604799
3 16 -6.5657 4.4645 -23.389099 -6.0381 0.6088 -23.0616 -6.3062 3.3805 -21.604799
3 16 -6.1465 2.3432 -25.656799 -6.0381 0.6088 -23.0616 -6.5657 4.4645 -23.389099
3 16 -6.3087 4.9384 -27.391199 -6.1465 2.3432 -25.656799 -6.5657 4.4645 -23.389099
3 16 -6.7391 6.0865 -24.581499 -6.3087 4.9384 -27.391199 -6.5657 4.4645 -23.389099
3 16 -6.5 8 -28 -6.3087 4.9384 -27.391199 -6.7391 6.0865 -24.581499
3 16 -6.8 8 -25 -6.5 8 -28 -6.7391 6.0865 -24.581499
3 16 -6.8381 9.7222 -24.619499 -6.5 8 -28 -6.8 8 -25
3 16 -6.6914 11.0616 -27.391199 -6.5 8 -28 -6.8381 9.7222 -24.619499
4 16 -6.8536 13.6568 -25.656799 -6.6914 11.0616 -27.391199 -6.8381 9.7222 -24.619499 -6.9465 11.182 -23.5355
3 16 -6.962 15.3912 -23.0616 -6.8536 13.6568 -25.656799 -6.9465 11.182 -23.5355
3 16 -7.1087 12.1576 -21.9135 -6.962 15.3912 -23.0616 -6.9465 11.182 -23.5355
3 16 -7 16 -20 -6.962 15.3912 -23.0616 -7.1087 12.1576 -21.9135
3 16 -7.3 12.5 -20 -7 16 -20 -7.1087 12.1576 -21.9135
5 24 -6 0 -20 -6.3062 3.3805 -21.604799 -6 3 -19.5 -6.0381 0.6088 -23.0616
5 24 -6.3062 3.3805 -21.604799 -6.0381 0.6088 -23.0616 -6 0 -20 -6.5657 4.4645 -23.389099
5 24 -6.0381 0.6088 -23.0616 -6.5657 4.4645 -23.389099 -6.3062 3.3805 -21.604799 -6.1465 2.3432 -25.656799
5 24 -6.5657 4.4645 -23.389099 -6.1465 2.3432 -25.656799 -6.0381 0.6088 -23.0616 -6.3087 4.9384 -27.391199
5 24 -6.5657 4.4645 -23.389099 -6.3087 4.9384 -27.391199 -6.1465 2.3432 -25.656799 -6.7391 6.0865 -24.581499
5 24 -6.3087 4.9384 -27.391199 -6.7391 6.0865 -24.581499 -6.5657 4.4645 -23.389099 -6.5 8 -28
5 24 -6.7391 6.0865 -24.581499 -6.5 8 -28 -6.3087 4.9384 -27.391199 -6.8 8 -25
5 24 -6.5 8 -28 -6.8 8 -25 -6.7391 6.0865 -24.581499 -6.8381 9.7222 -24.619499
5 24 -6.5 8 -28 -6.8381 9.7222 -24.619499 -6.8 8 -25 -6.6914 11.0616 -27.391199
5 24 -6.8381 9.7222 -24.619499 -6.6914 11.0616 -27.391199 -6.5 8 -28 -6.9465 11.182 -23.5355
5 24 -6.9465 11.182 -23.5355 -6.8536 13.6568 -25.656799 -6.6914 11.0616 -27.391199 -6.962 15.3912 -23.0616
5 24 -6.9465 11.182 -23.5355 -6.962 15.3912 -23.0616 -6.8536 13.6568 -25.656799 -7.1087 12.1576 -21.9135
5 24 -6.962 15.3912 -23.0616 -7.1087 12.1576 -21.9135 -6.9465 11.182 -23.5355 -7 16 -20
5 24 -7.1087 12.1576 -21.9135 -7 16 -20 -6.962 15.3912 -23.0616 -7.3 12.5 -20
1 16 -8.8 8.5 -20 0 -1 0 4 0 0 0 0 2 3-16edge.dat
1 16 -8.8 8 -20 0 -1 0.5 4.5 0 0 0 0 -5 1-4edge.dat
1 16 -7.8 8 -19.5 0 -1 -0.5 -5 0 0 0 0 -5.5 1-4edge.dat
1 16 -8.5 9.2 -19.799999 0 -1 -0.3 0 0 2.5 -2.5 0 0 1-4edge.dat
1 16 -8.2 9.2 -19.799999 0 -1 -0.3 -2.5 0 0 0 0 -2.5 1-4edge.dat
1 16 -8.8 9.2 -19.799999 0 -1 0 2.5 0 0 0 0 2.5 1-16edge.dat
3 16 -8.8 12.1956 -19.2346 -8.8 11.5098 -18.8433 -8.8 11.3284 -18.5858
4 16 -8.8 12.5 -20 -8.8 11.7 -19.799999 -8.8 11.5098 -18.8433 -8.8 12.1956 -19.2346
3 16 -8.7772 11.5098 -20.7568 -8.8 11.7 -19.799999 -8.8 12.5 -20
4 16 -8.7121 10.9678 -21.567801 -8.7772 11.5098 -20.7568 -8.8 12.5 -20 -8.6087 12.1576 -21.9135
3 16 -8.6148 10.1568 -22.109699 -8.7121 10.9678 -21.567801 -8.6087 12.1576 -21.9135
4 16 -8.3381 9.7222 -24.619499 -8.6148 10.1568 -22.109699 -8.6087 12.1576 -21.9135 -8.4465 11.182 -23.5355
3 16 -8.5 9.2 -22.299999 -8.6148 10.1568 -22.109699 -8.3381 9.7222 -24.619499
3 16 -8.3 8 -25 -8.5 9.2 -22.299999 -8.3381 9.7222 -24.619499
3 16 -8.4772 8.2433 -22.109699 -8.5 9.2 -22.299999 -8.3 8 -25
3 16 -8.4121 7.4323 -21.567801 -8.4772 8.2433 -22.109699 -8.3 8 -25
3 16 -8.262 6.0865 -24.581499 -8.4121 7.4323 -21.567801 -8.3 8 -25
3 16 -8.3148 6.8903 -20.7568 -8.4121 7.4323 -21.567801 -8.262 6.0865 -24.581499
3 16 -8.1536 4.4645 -23.389099 -8.3148 6.8903 -20.7568 -8.262 6.0865 -24.581499
3 16 -7.9914 3.3805 -21.604799 -8.3148 6.8903 -20.7568 -8.1536 4.4645 -23.389099
3 16 -8.2 6.7 -19.799999 -8.3148 6.8903 -20.7568 -7.9914 3.3805 -21.604799
3 16 -7.8 3 -19.5 -8.2 6.7 -19.799999 -7.9914 3.3805 -21.604799
5 24 -8.8 11.7 -19.799999 -8.8 12.5 -20 -8.8 12.1956 -19.2346 -8.7772 11.5098 -20.7568
5 24 -8.8 12.5 -20 -8.7772 11.5098 -20.7568 -8.8 11.7 -19.799999 -8.6087 12.1576 -21.9135
5 24 -8.6087 12.1576 -21.9135 -8.7121 10.9678 -21.567801 -8.7772 11.5098 -20.7568 -8.6148 10.1568 -22.109699
5 24 -8.6087 12.1576 -21.9135 -8.6148 10.1568 -22.109699 -8.7121 10.9678 -21.567801 -8.4465 11.182 -23.5355
5 24 -8.6148 10.1568 -22.109699 -8.3381 9.7222 -24.619499 -8.4465 11.182 -23.5355 -8.5 9.2 -22.299999
5 24 -8.3381 9.7222 -24.619499 -8.5 9.2 -22.299999 -8.6148 10.1568 -22.109699 -8.3 8 -25
5 24 -8.5 9.2 -22.299999 -8.3 8 -25 -8.3381 9.7222 -24.619499 -8.4772 8.2433 -22.109699
5 24 -8.3 8 -25 -8.4772 8.2433 -22.109699 -8.5 9.2 -22.299999 -8.4121 7.4323 -21.567801
5 24 -8.3 8 -25 -8.4121 7.4323 -21.567801 -8.4772 8.2433 -22.109699 -8.262 6.0865 -24.581499
5 24 -8.4121 7.4323 -21.567801 -8.262 6.0865 -24.581499 -8.3 8 -25 -8.3148 6.8903 -20.7568
5 24 -8.262 6.0865 -24.581499 -8.3148 6.8903 -20.7568 -8.4121 7.4323 -21.567801 -8.1536 4.4645 -23.389099
5 24 -8.3148 6.8903 -20.7568 -8.1536 4.4645 -23.389099 -8.262 6.0865 -24.581499 -7.9914 3.3805 -21.604799
5 24 -8.3148 6.8903 -20.7568 -7.9914 3.3805 -21.604799 -8.1536 4.4645 -23.389099 -8.2 6.7 -19.799999
5 24 -7.9914 3.3805 -21.604799 -8.2 6.7 -19.799999 -8.3148 6.8903 -20.7568 -7.8 3 -19.5
1 16 -7.8 8 -19.5 0 -1 0.3 -5 0 0 0 0 6 1-4edge.dat
1 16 -6 8 -19.5 0 -1 0 -5 0 0 0 0 6 1-4edge.dat
1 16 -7.9 9.2 -19.799999 0 -1 -0.3 0 0 -2.5 2.5 0 0 1-4edge.dat
3 16 -8.1772 6.8903 -18.8433 -8.2 6.7 -19.799999 -7.8 3 -19.5
3 16 -7.6852 3.3805 -17.2038 -8.1772 6.8903 -18.8433 -7.8 3 -19.5
3 16 -8.1121 7.4323 -18.032301 -8.1772 6.8903 -18.8433 -7.6852 3.3805 -17.2038
3 16 -7.5879 4.4645 -15.2574 -8.1121 7.4323 -18.032301 -7.6852 3.3805 -17.2038
3 16 -8.0148 8.2433 -17.490299 -8.1121 7.4323 -18.032301 -7.5879 4.4645 -15.2574
3 16 -7.5228 6.0865 -13.9566 -8.0148 8.2433 -17.490299 -7.5879 4.4645 -15.2574
3 16 -7.9 9.2 -17.299999 -8.0148 8.2433 -17.490299 -7.5228 6.0865 -13.9566
3 16 -7.5 8 -13.5 -7.9 9.2 -17.299999 -7.5228 6.0865 -13.9566
5 24 -7.8 3 -19.5 -8.1772 6.8903 -18.8433 -8.2 6.7 -19.799999 -7.6852 3.3805 -17.2038
5 24 -8.1772 6.8903 -18.8433 -7.6852 3.3805 -17.2038 -7.8 3 -19.5 -8.1121 7.4323 -18.032301
5 24 -7.6852 3.3805 -17.2038 -8.1121 7.4323 -18.032301 -8.1772 6.8903 -18.8433 -7.5879 4.4645 -15.2574
5 24 -8.1121 7.4323 -18.032301 -7.5879 4.4645 -15.2574 -7.6852 3.3805 -17.2038 -8.0148 8.2433 -17.490299
5 24 -7.5879 4.4645 -15.2574 -8.0148 8.2433 -17.490299 -8.1121 7.4323 -18.032301 -7.5228 6.0865 -13.9566
5 24 -8.0148 8.2433 -17.490299 -7.5228 6.0865 -13.9566 -7.5879 4.4645 -15.2574 -7.9 9.2 -17.299999
5 24 -7.5228 6.0865 -13.9566 -7.9 9.2 -17.299999 -8.0148 8.2433 -17.490299 -7.5 8 -13.5
2 24 -5.5434 0.4566 -22.2962 -6 0 -20
2 24 -4.2426 1.3981 -24.242599 -5.0319 0.6088 -23.0616
2 24 -5.0319 0.6088 -23.0616 -5.5434 0.4566 -22.2962
2 24 -4.2426 1.3981 -24.242599 -3.5 1.7298 -24.738899
2 24 -2.5 3.7348 -25.4072 -2.2961 3.9387 -25.5434
2 24 -2.8326 2.8151 -25.1849 -2.5 3.7348 -25.4072
2 24 -3.5 1.7298 -24.738899 -2.8326 2.8151 -25.1849
2 24 -0.5 2.7079 -25.900499 0 2.8567 -25.999901
2 24 -2.2961 3.9387 -25.5434 -1.5 4.1756 -25.7017
2 24 -0.5 2.7079 -25.900499 -1.5 4.1756 -25.7017
1 16 -8 8.5 -20 0.7 -1 0 4 0 0 0 0 2 3-16edge.dat
3 16 -7.3533 12.1956 -19.2346 -7 16 -20 -7.3 12.5 -20
4 16 -7.1465 13.6568 -15.4039 -7.0381 15.3912 -17.512501 -7 16 -20 -7.3533 12.1956 -19.2346
3 16 -7.505 11.3284 -18.5858 -7.1465 13.6568 -15.4039 -7.3533 12.1956 -19.2346
3 16 -7.3087 11.0616 -13.9947 -7.1465 13.6568 -15.4039 -7.505 11.3284 -18.5858
3 16 -7.7321 10.0308 -18.152201 -7.3087 11.0616 -13.9947 -7.505 11.3284 -18.5858
3 16 -7.9 9.2 -17.299999 -7.3087 11.0616 -13.9947 -7.7321 10.0308 -18.152201
3 16 -7.5 8 -13.5 -7.3087 11.0616 -13.9947 -7.9 9.2 -17.299999
5 24 -7 16 -20 -7.3533 12.1956 -19.2346 -7.3 12.5 -20 -7.0381 15.3912 -17.512501
5 24 -7.3533 12.1956 -19.2346 -7.1465 13.6568 -15.4039 -7.0381 15.3912 -17.512501 -7.505 11.3284 -18.5858
5 24 -7.1465 13.6568 -15.4039 -7.505 11.3284 -18.5858 -7.3533 12.1956 -19.2346 -7.3087 11.0616 -13.9947
5 24 -7.505 11.3284 -18.5858 -7.3087 11.0616 -13.9947 -7.1465 13.6568 -15.4039 -7.7321 10.0308 -18.152201
5 24 -7.3087 11.0616 -13.9947 -7.7321 10.0308 -18.152201 -7.505 11.3284 -18.5858 -7.9 9.2 -17.299999
5 24 -7.3087 11.0616 -13.9947 -7.9 9.2 -17.299999 -7.7321 10.0308 -18.152201 -7.5 8 -13.5
2 24 -7.5018 11.347 -18.599701 -7.5043 11.3333 -18.579201
2 24 -7.5043 11.3333 -18.579201 -7.5044 11.3275 -18.570601
2 24 -7.5044 11.3275 -18.570601 -7.5448 10.9678 -18.032301
2 24 -7.6669 10.1895 -17.5121 -7.5448 10.9678 -18.032301
2 24 -7.674 10.1568 -17.490299 -7.6669 10.1895 -17.5121
2 24 -7.9 9.2 -17.299999 -7.674 10.1568 -17.490299
2 24 -8.8 11.347 -18.599701 -7.5 11.347 -18.599701
2 24 -8.8 11.5095 -18.8428 -8.8 11.347 -18.599701
2 24 -6 9.8786 -13.8035 -3.5 9.8786 -13.8035
2 24 -6 8 -13.5 -6 9.8786 -13.8035
2 24 -6 9.4606 -13.736 -6 9.8786 -13.8035
2 24 6 16 -10 6 0 -10
2 24 3.5 16 -10 3.5 4 -10
2 24 6 0 -10 6 0 -20
1 16 0.5 8 -20 0 -1 0 8 0 0 0 0 -8 3-8cylo.dat
1 16 3.5 8 -20 0 2.5 0 8 0 0 0 0 -8 2-4cyli.dat
1 16 3.5 8 -20 0 1 0 8 0 0 0 0 -8 7-16edge.dat
1 16 2.5 8 -20 0 -1 0 7 0 0 0 0 -7 3-8cylo.dat
1 16 3.5 8 -20 0 -1 0 1 0 0 0 0 -1 3-8con7.dat
1 16 0.5 8 -20 0 1 0 1 0 0 0 0 -1 3-8con7.dat
3 16 2.5 3.0503 -24.949699 3.5 2.3432 -25.656799 3.5 0.6088 -23.0616
1 16 6 8 -20 0 0.5 0 -8 0 0 0 0 -8 2-4cyls.dat
1 16 10 9.2 -19.799999 0 1 0 2.5 0 0 0 0 2.5 4-4edge.dat
1 16 10 9.2 -19.799999 0 -2.5 0 2.5 0 0 0 0 2.5 4-4cyli.dat
1 16 10 9.2 -19.799999 0 -1 0 2.5 0 0 0 0 2.5 4-4disc.dat
1 16 3.5 8 -20 0 2.5 0 8 0 0 0 0 6.5 1-4cyli.dat
1 16 3.5 8 -20 0 1 0 8 0 0 0 0 6.5 1-4edge.dat
1 16 7.5 8 -20 -0.5 -1 0 8 0 0 0 0 6.5 1-4edge.dat
1 16 6 8 -20 0 1 0 8 0 0 0 0 6.5 1-4cyli.dat
1 16 7 8 -20 0 0.5 0 8 0 0 0 0 6.5 1-4cyls.dat
0 BFC INVERTNEXT
1 16 6 16 -17 0 -2.5 0 0 0 -7 7 0 0 3-16cylo.dat
1 16 3.5 16 -17 0 1 0 0 0 -7 7 0 0 3-16ndis.dat
4 16 3.5 4 -10 3.5 9 -10 3.5 9.5327 -14.3211 3.5 4 -14.5
1 16 6 16 -17 0 -1 0 0 0 -7 7 0 0 3-16ndis.dat
4 16 6 3 -19.5 6 9.5327 -14.3211 6 9 -10 6 0 -10
3 16 6 0 -10 6 0 -20 6 3 -19.5
1 16 6 8 -19.5 0 1.8 -0.3 -5 0 0 0 0 6 1-4cyli.dat
1 16 6.3 8 -19.5 0 1.5 0.5 -5 0 0 0 0 -5.5 1-4cyli.dat
1 16 6.3 8 -19.5 0.5 -0.3 0 0 0 -5 -5.5 0 0 1-4cyls.dat
1 16 7.3 8 -20 0 1.5 -0.5 4.5 0 0 0 0 -5 1-4cyli.dat
1 16 7.3 8.5 -20 0 1.5 0 4 0 0 0 0 2 3-16cyli.dat
1 16 0.5 8 -20 0 -1 0 8 0 0 0 0 6.5 1-4cylo.dat
1 16 2.5 8 -20 0 -1 0 7 0 0 0 0 5.6875 1-4cylo.dat
1 16 3.5 8 -20 0 -1 0 1 0 0 0 0 0.8125 1-4con7.dat
1 16 0.5 8 -20 0 1 0 1 0 0 0 0 0.8125 1-4con7.dat
1 16 1 6 -13.9062 0 0 0.5 -2 0 0 0 -1 -0.40625 rect2a.dat
1 16 2 6 -14.3125 0 0 0.5 -2 0 0 0 -1 0 rect2a.dat
1 16 3 6 -13.9062 0 0 0.5 -2 0 0 0 -1 0.40625 rect2a.dat
1 16 6 8 -19.5 0 1 0.8 -5 0 0 0 0 -5.5 1-4edge.dat
1 16 7.3 8 -20 0 1 -0.5 4.5 0 0 0 0 -5 1-4edge.dat
1 16 6.5 8 -20 0.5 1 0 8 0 0 0 0 -8 2-4edge.dat
3 16 6 3 -19.5 6 0 -20 6.3062 3.3805 -21.604799
3 16 6.3062 3.3805 -21.604799 6 0 -20 6.0381 0.6088 -23.0616
3 16 6.3062 3.3805 -21.604799 6.0381 0.6088 -23.0616 6.5657 4.4645 -23.389099
3 16 6.5657 4.4645 -23.389099 6.0381 0.6088 -23.0616 6.1465 2.3432 -25.656799
3 16 6.5657 4.4645 -23.389099 6.1465 2.3432 -25.656799 6.3087 4.9384 -27.391199
3 16 6.5657 4.4645 -23.389099 6.3087 4.9384 -27.391199 6.7391 6.0865 -24.581499
3 16 6.7391 6.0865 -24.581499 6.3087 4.9384 -27.391199 6.5 8 -28
3 16 6.7391 6.0865 -24.581499 6.5 8 -28 6.8 8 -25
3 16 6.8 8 -25 6.5 8 -28 6.8381 9.7222 -24.619499
3 16 6.8381 9.7222 -24.619499 6.5 8 -28 6.6914 11.0616 -27.391199
4 16 6.9465 11.182 -23.5355 6.8381 9.7222 -24.619499 6.6914 11.0616 -27.391199 6.8536 13.6568 -25.656799
3 16 6.9465 11.182 -23.5355 6.8536 13.6568 -25.656799 6.962 15.3912 -23.0616
3 16 6.9465 11.182 -23.5355 6.962 15.3912 -23.0616 7.1087 12.1576 -21.9135
3 16 7.1087 12.1576 -21.9135 6.962 15.3912 -23.0616 7 16 -20
3 16 7.1087 12.1576 -21.9135 7 16 -20 7.3 12.5 -20
5 24 6 0 -20 6.3062 3.3805 -21.604799 6 3 -19.5 6.0381 0.6088 -23.0616
5 24 6.3062 3.3805 -21.604799 6.0381 0.6088 -23.0616 6 0 -20 6.5657 4.4645 -23.389099
5 24 6.0381 0.6088 -23.0616 6.5657 4.4645 -23.389099 6.3062 3.3805 -21.604799 6.1465 2.3432 -25.656799
5 24 6.5657 4.4645 -23.389099 6.1465 2.3432 -25.656799 6.0381 0.6088 -23.0616 6.3087 4.9384 -27.391199
5 24 6.5657 4.4645 -23.389099 6.3087 4.9384 -27.391199 6.1465 2.3432 -25.656799 6.7391 6.0865 -24.581499
5 24 6.3087 4.9384 -27.391199 6.7391 6.0865 -24.581499 6.5657 4.4645 -23.389099 6.5 8 -28
5 24 6.7391 6.0865 -24.581499 6.5 8 -28 6.3087 4.9384 -27.391199 6.8 8 -25
5 24 6.5 8 -28 6.8 8 -25 6.7391 6.0865 -24.581499 6.8381 9.7222 -24.619499
5 24 6.5 8 -28 6.8381 9.7222 -24.619499 6.8 8 -25 6.6914 11.0616 -27.391199
5 24 6.8381 9.7222 -24.619499 6.6914 11.0616 -27.391199 6.5 8 -28 6.9465 11.182 -23.5355
5 24 6.9465 11.182 -23.5355 6.8536 13.6568 -25.656799 6.6914 11.0616 -27.391199 6.962 15.3912 -23.0616
5 24 6.9465 11.182 -23.5355 6.962 15.3912 -23.0616 6.8536 13.6568 -25.656799 7.1087 12.1576 -21.9135
5 24 6.962 15.3912 -23.0616 7.1087 12.1576 -21.9135 6.9465 11.182 -23.5355 7 16 -20
5 24 7.1087 12.1576 -21.9135 7 16 -20 6.962 15.3912 -23.0616 7.3 12.5 -20
1 16 8.8 8.5 -20 0 1 0 4 0 0 0 0 2 3-16edge.dat
1 16 8.8 8 -20 0 1 -0.5 4.5 0 0 0 0 -5 1-4edge.dat
1 16 7.8 8 -19.5 0 1 0.5 -5 0 0 0 0 -5.5 1-4edge.dat
1 16 8.5 9.2 -19.799999 0 1 0.3 0 0 2.5 -2.5 0 0 1-4edge.dat
1 16 8.2 9.2 -19.799999 0 1 0.3 -2.5 0 0 0 0 -2.5 1-4edge.dat
1 16 8.8 9.2 -19.799999 0 1 0 2.5 0 0 0 0 2.5 1-16edge.dat
3 16 8.8 11.3284 -18.5858 8.8 11.5098 -18.8433 8.8 12.1956 -19.2346
4 16 8.8 12.1956 -19.2346 8.8 11.5098 -18.8433 8.8 11.7 -19.799999 8.8 12.5 -20
3 16 8.8 12.5 -20 8.8 11.7 -19.799999 8.7772 11.5098 -20.7568
4 16 8.6087 12.1576 -21.9135 8.8 12.5 -20 8.7772 11.5098 -20.7568 8.7121 10.9678 -21.567801
3 16 8.6087 12.1576 -21.9135 8.7121 10.9678 -21.567801 8.6148 10.1568 -22.109699
4 16 8.4465 11.182 -23.5355 8.6087 12.1576 -21.9135 8.6148 10.1568 -22.109699 8.3381 9.7222 -24.619499
3 16 8.3381 9.7222 -24.619499 8.6148 10.1568 -22.109699 8.5 9.2 -22.299999
3 16 8.3381 9.7222 -24.619499 8.5 9.2 -22.299999 8.3 8 -25
3 16 8.3 8 -25 8.5 9.2 -22.299999 8.4772 8.2433 -22.109699
3 16 8.3 8 -25 8.4772 8.2433 -22.109699 8.4121 7.4323 -21.567801
3 16 8.3 8 -25 8.4121 7.4323 -21.567801 8.262 6.0865 -24.581499
3 16 8.262 6.0865 -24.581499 8.4121 7.4323 -21.567801 8.3148 6.8903 -20.7568
3 16 8.262 6.0865 -24.581499 8.3148 6.8903 -20.7568 8.1536 4.4645 -23.389099
3 16 8.1536 4.4645 -23.389099 8.3148 6.8903 -20.7568 7.9914 3.3805 -21.604799
3 16 7.9914 3.3805 -21.604799 8.3148 6.8903 -20.7568 8.2 6.7 -19.799999
3 16 7.9914 3.3805 -21.604799 8.2 6.7 -19.799999 7.8 3 -19.5
5 24 8.8 11.7 -19.799999 8.8 12.5 -20 8.8 12.1956 -19.2346 8.7772 11.5098 -20.7568
5 24 8.8 12.5 -20 8.7772 11.5098 -20.7568 8.8 11.7 -19.799999 8.6087 12.1576 -21.9135
5 24 8.6087 12.1576 -21.9135 8.7121 10.9678 -21.567801 8.7772 11.5098 -20.7568 8.6148 10.1568 -22.109699
5 24 8.6087 12.1576 -21.9135 8.6148 10.1568 -22.109699 8.7121 10.9678 -21.567801 8.4465 11.182 -23.5355
5 24 8.6148 10.1568 -22.109699 8.3381 9.7222 -24.619499 8.4465 11.182 -23.5355 8.5 9.2 -22.299999
5 24 8.3381 9.7222 -24.619499 8.5 9.2 -22.299999 8.6148 10.1568 -22.109699 8.3 8 -25
5 24 8.5 9.2 -22.299999 8.3 8 -25 8.3381 9.7222 -24.619499 8.4772 8.2433 -22.109699
5 24 8.3 8 -25 8.4772 8.2433 -22.109699 8.5 9.2 -22.299999 8.4121 7.4323 -21.567801
5 24 8.3 8 -25 8.4121 7.4323 -21.567801 8.4772 8.2433 -22.109699 8.262 6.0865 -24.581499
5 24 8.4121 7.4323 -21.567801 8.262 6.0865 -24.581499 8.3 8 -25 8.3148 6.8903 -20.7568
5 24 8.262 6.0865 -24.581499 8.3148 6.8903 -20.7568 8.4121 7.4323 -21.567801 8.1536 4.4645 -23.389099
5 24 8.3148 6.8903 -20.7568 8.1536 4.4645 -23.389099 8.262 6.0865 -24.581499 7.9914 3.3805 -21.604799
5 24 8.3148 6.8903 -20.7568 7.9914 3.3805 -21.604799 8.1536 4.4645 -23.389099 8.2 6.7 -19.799999
5 24 7.9914 3.3805 -21.604799 8.2 6.7 -19.799999 8.3148 6.8903 -20.7568 7.8 3 -19.5
1 16 7.8 8 -19.5 0 1 -0.3 -5 0 0 0 0 6 1-4edge.dat
1 16 6 8 -19.5 0 1 0 -5 0 0 0 0 6 1-4edge.dat
1 16 7.9 9.2 -19.799999 0 1 0.3 0 0 -2.5 2.5 0 0 1-4edge.dat
3 16 7.8 3 -19.5 8.2 6.7 -19.799999 8.1772 6.8903 -18.8433
3 16 7.8 3 -19.5 8.1772 6.8903 -18.8433 7.6852 3.3805 -17.2038
3 16 7.6852 3.3805 -17.2038 8.1772 6.8903 -18.8433 8.1121 7.4323 -18.032301
3 16 7.6852 3.3805 -17.2038 8.1121 7.4323 -18.032301 7.5879 4.4645 -15.2574
3 16 7.5879 4.4645 -15.2574 8.1121 7.4323 -18.032301 8.0148 8.2433 -17.490299
3 16 7.5879 4.4645 -15.2574 8.0148 8.2433 -17.490299 7.5228 6.0865 -13.9566
3 16 7.5228 6.0865 -13.9566 8.0148 8.2433 -17.490299 7.9 9.2 -17.299999
3 16 7.5228 6.0865 -13.9566 7.9 9.2 -17.299999 7.5 8 -13.5
5 24 7.8 3 -19.5 8.1772 6.8903 -18.8433 8.2 6.7 -19.799999 7.6852 3.3805 -17.2038
5 24 8.1772 6.8903 -18.8433 7.6852 3.3805 -17.2038 7.8 3 -19.5 8.1121 7.4323 -18.032301
5 24 7.6852 3.3805 -17.2038 8.1121 7.4323 -18.032301 8.1772 6.8903 -18.8433 7.5879 4.4645 -15.2574
5 24 8.1121 7.4323 -18.032301 7.5879 4.4645 -15.2574 7.6852 3.3805 -17.2038 8.0148 8.2433 -17.490299
5 24 7.5879 4.4645 -15.2574 8.0148 8.2433 -17.490299 8.1121 7.4323 -18.032301 7.5228 6.0865 -13.9566
5 24 8.0148 8.2433 -17.490299 7.5228 6.0865 -13.9566 7.5879 4.4645 -15.2574 7.9 9.2 -17.299999
5 24 7.5228 6.0865 -13.9566 7.9 9.2 -17.299999 8.0148 8.2433 -17.490299 7.5 8 -13.5
2 24 5.5434 0.4566 -22.2962 6 0 -20
2 24 4.2426 1.3981 -24.242599 5.0319 0.6088 -23.0616
2 24 5.0319 0.6088 -23.0616 5.5434 0.4566 -22.2962
2 24 4.2426 1.3981 -24.242599 3.5 1.7298 -24.738899
2 24 2.5 3.7348 -25.4072 2.2961 3.9387 -25.5434
2 24 2.8326 2.8151 -25.1849 2.5 3.7348 -25.4072
2 24 3.5 1.7298 -24.738899 2.8326 2.8151 -25.1849
2 24 0.5 2.7079 -25.900499 0 2.8567 -25.999901
2 24 2.2961 3.9387 -25.5434 1.5 4.1756 -25.7017
2 24 0.5 2.7079 -25.900499 1.5 4.1756 -25.7017
1 16 8 8.5 -20 -0.7 1 0 4 0 0 0 0 2 3-16edge.dat
3 16 7.3 12.5 -20 7 16 -20 7.3533 12.1956 -19.2346
4 16 7.3533 12.1956 -19.2346 7 16 -20 7.0381 15.3912 -17.512501 7.1465 13.6568 -15.4039
3 16 7.3533 12.1956 -19.2346 7.1465 13.6568 -15.4039 7.505 11.3284 -18.5858
3 16 7.505 11.3284 -18.5858 7.1465 13.6568 -15.4039 7.3087 11.0616 -13.9947
3 16 7.505 11.3284 -18.5858 7.3087 11.0616 -13.9947 7.7321 10.0308 -18.152201
3 16 7.7321 10.0308 -18.152201 7.3087 11.0616 -13.9947 7.9 9.2 -17.299999
3 16 7.9 9.2 -17.299999 7.3087 11.0616 -13.9947 7.5 8 -13.5
5 24 7 16 -20 7.3533 12.1956 -19.2346 7.3 12.5 -20 7.0381 15.3912 -17.512501
5 24 7.3533 12.1956 -19.2346 7.1465 13.6568 -15.4039 7.0381 15.3912 -17.512501 7.505 11.3284 -18.5858
5 24 7.1465 13.6568 -15.4039 7.505 11.3284 -18.5858 7.3533 12.1956 -19.2346 7.3087 11.0616 -13.9947
5 24 7.505 11.3284 -18.5858 7.3087 11.0616 -13.9947 7.1465 13.6568 -15.4039 7.7321 10.0308 -18.152201
5 24 7.3087 11.0616 -13.9947 7.7321 10.0308 -18.152201 7.505 11.3284 -18.5858 7.9 9.2 -17.299999
5 24 7.3087 11.0616 -13.9947 7.9 9.2 -17.299999 7.7321 10.0308 -18.152201 7.5 8 -13.5
2 24 7.5018 11.347 -18.599701 7.5043 11.3333 -18.579201
2 24 7.5043 11.3333 -18.579201 7.5044 11.3275 -18.570601
2 24 7.5044 11.3275 -18.570601 7.5448 10.9678 -18.032301
2 24 7.6669 10.1895 -17.5121 7.5448 10.9678 -18.032301
2 24 7.674 10.1568 -17.490299 7.6669 10.1895 -17.5121
2 24 7.9 9.2 -17.299999 7.674 10.1568 -17.490299
2 24 8.8 11.347 -18.599701 7.5 11.347 -18.599701
2 24 8.8 11.5095 -18.8428 8.8 11.347 -18.599701
2 24 6 9.8786 -13.8035 3.5 9.8786 -13.8035
2 24 6 8 -13.5 6 9.8786 -13.8035
2 24 6 9.4606 -13.736 6 9.8786 -13.8035
5 24 -6 3 -19.5 -6 0 -20 -6 0 -10 -6.3062 3.3805 -21.604799
5 24 -7.3 12.5 -20 -7 16 -20 -7.1087 12.1576 -21.9135 -7.3533 12.1956 -19.2346
5 24 -8.8 12.5 -20 -8.7772 11.5098 -20.7568 -8.8 11.7 -19.799999 -8.7121 10.9678 -21.567801
5 24 -7.8 3 -19.5 -8.2 6.7 -19.799999 -7.9914 3.3805 -21.604799 -8.1772 6.8903 -18.8433
5 24 -7.5 8 -13.5 -7.9 9.2 -17.299999 -7.5228 6.0865 -13.9566 -7.3087 11.0616 -13.9947
5 24 6 0 -20 6 3 -19.5 6 0 -10 6.3062 3.3805 -21.604799
5 24 7 16 -20 7.3 12.5 -20 7.1087 12.1576 -21.9135 7.3533 12.1956 -19.2346
5 24 8.2 6.7 -19.799999 7.8 3 -19.5 7.9914 3.3805 -21.604799 8.1772 6.8903 -18.8433
5 24 7.9 9.2 -17.299999 7.5 8 -13.5 7.5228 6.0865 -13.9566 7.3087 11.0616 -13.9947
0 // 
4 16 -6 0.2728 -22.0704 -6 0.0688 -21.044001 -6 0 -20 -6.0381 0.6088 -23.0616
4 16 -6.1033 1.6528 -24.870399 -6.067 1.072 -24 -6.0381 0.6088 -23.0616 -6.1465 2.3432 -25.656799
4 16 -6.25 4 -26.927999 -6.1956 3.1296 -26.3472 -6.1465 2.3432 -25.656799 -6.3087 4.9384 -27.391199
4 16 -6.4348 6.956 -27.9312 -6.3706 5.9296 -27.7272 -6.3087 4.9384 -27.391199 -6.5 8 -28
4 16 -6.6914 11.0616 -27.391199 -6.6294 10.0704 -27.7272 -6.5653 9.044 -27.9312 -6.5 8 -28
4 16 -6.8536 13.6568 -25.656799 -6.8044 12.8704 -26.3472 -6.75 12 -26.927999 -6.6914 11.0616 -27.391199
4 16 -6.962 15.3912 -23.0616 -6.933 14.928 -24 -6.8967 14.3472 -24.870399 -6.8536 13.6568 -25.656799
4 16 -7 16 -20 -6.9957 15.9312 -21.044001 -6.983 15.7272 -22.0704 -6.962 15.3912 -23.0616
4 16 -7.0381 15.3912 -17.512501 -7 15.7272 -18.317801 -7 15.9312 -19.1518 -7 16 -20
4 16 -7.1465 13.6568 -15.4039 -7.1033 14.3472 -16.042801 -7.067 14.928 -16.75 -7.0381 15.3912 -17.512501
4 16 -7.3087 11.0616 -13.9947 -7.25 12 -14.371 -7.1956 12.8704 -14.8429 -7.1465 13.6568 -15.4039
4 16 -7.5 8 -13.5 -7.4348 9.044 -13.5559 -7.3706 10.0704 -13.7217 -7.3087 11.0616 -13.9947
4 16 -7.5228 6.0865 -13.9566 -7.5102 6.706 -13.7046 -7.5026 7.3475 -13.5516 -7.5 8 -13.5
4 16 -7.5879 4.4645 -15.2574 -7.562 4.956 -14.7396 -7.5402 5.5 -14.304 -7.5228 6.0865 -13.9566
4 16 -7.6852 3.3805 -17.2038 -7.65 3.67 -16.5 -7.6174 4.033 -15.8472 -7.5879 4.4645 -15.2574
4 16 -7.8 3 -19.5 -7.7609 3.043 -18.716999 -7.7224 3.1705 -17.947201 -7.6852 3.3805 -17.2038
4 16 -7.9914 3.3805 -21.6049 -7.9294 3.1705 -20.923401 -7.8653 3.043 -20.2178 -7.8 3 -19.5
4 16 -8.1536 4.4645 -23.389099 -8.1044 4.033 -22.8484 -8.05 3.67 -22.25 -7.9914 3.3805 -21.6049
4 16 -8.262 6.0865 -24.581499 -8.233 5.5 -24.263 -8.1967 4.956 -23.863701 -8.1536 4.4645 -23.389099
4 16 -8.3 8 -25 -8.2957 7.3475 -24.9527 -8.283 6.706 -24.8125 -8.262 6.0865 -24.581499
4 16 -8.3381 9.7222 -24.619499 -8.3171 9.1646 -24.8295 -8.3043 8.5873 -24.957001 -8.3 8 -25
4 16 -8.4465 11.182 -23.5355 -8.4033 10.7396 -23.966999 -8.367 10.25 -24.33 -8.3381 9.7222 -24.619499
4 16 -8.6087 12.1576 -21.9135 -8.55 11.897 -22.5 -8.4956 11.5703 -23.044001 -8.4465 11.182 -23.5355
4 16 -8.8 12.5 -20 -8.7348 12.4613 -20.6525 -8.6706 12.3466 -21.294001 -8.6087 12.1576 -21.9135
4 16 -8.8 12.1956 -19.2346 -8.8 12.3636 -19.482401 -8.8 12.4656 -19.739 -8.8 12.5 -20
4 16 -8.8 11.347 -18.599701 -8.8 11.6736 -18.7824 -8.8 11.964 -19 -8.8 12.1956 -19.2346
0 // 
4 16 6 0 -20 6 0.0688 -21.044001 6 0.2728 -22.0704 6.0381 0.6088 -23.0616
4 16 6.0381 0.6088 -23.0616 6.067 1.072 -24 6.1033 1.6528 -24.870399 6.1465 2.3432 -25.656799
4 16 6.1465 2.3432 -25.656799 6.1956 3.1296 -26.3472 6.25 4 -26.927999 6.3087 4.9384 -27.391199
4 16 6.3087 4.9384 -27.391199 6.3706 5.9296 -27.7272 6.4348 6.956 -27.9312 6.5 8 -28
4 16 6.5 8 -28 6.5653 9.044 -27.9312 6.6294 10.0704 -27.7272 6.6914 11.0616 -27.391199
4 16 6.6914 11.0616 -27.391199 6.75 12 -26.927999 6.8044 12.8704 -26.3472 6.8536 13.6568 -25.656799
4 16 6.8536 13.6568 -25.656799 6.8967 14.3472 -24.870399 6.933 14.928 -24 6.962 15.3912 -23.0616
4 16 6.962 15.3912 -23.0616 6.983 15.7272 -22.0704 6.9957 15.9312 -21.044001 7 16 -20
4 16 7 16 -20 7 15.9312 -19.1518 7 15.7272 -18.317801 7.0381 15.3912 -17.512501
4 16 7.0381 15.3912 -17.512501 7 14.928 -16.75 7 14.3472 -16.042801 7.1465 13.6568 -15.4039
4 16 7.1465 13.6568 -15.4039 7.1956 12.8704 -14.8429 7.25 12 -14.371 7.3087 11.0616 -13.9947
4 16 7.3087 11.0616 -13.9947 7.3706 10.0704 -13.7217 7.4348 9.044 -13.5559 7.5 8 -13.5
4 16 7.5 8 -13.5 7.5026 7.3475 -13.5516 7.5102 6.706 -13.7046 7.5228 6.0865 -13.9566
4 16 7.5228 6.0865 -13.9566 7.5402 5.5 -14.304 7.562 4.956 -14.7396 7.5879 4.4645 -15.2574
4 16 7.5879 4.4645 -15.2574 7.6174 4.033 -15.8472 7.65 3.67 -16.5 7.6852 3.3805 -17.2038
4 16 7.6852 3.3805 -17.2038 7.7224 3.1705 -17.947201 7.7609 3.043 -18.716999 7.8 3 -19.5
4 16 7.8 3 -19.5 7.8653 3.043 -20.2178 7.9294 3.1705 -20.923401 7.9914 3.3805 -21.604799
4 16 7.9914 3.3805 -21.6049 8.05 3.67 -22.25 8.1044 4.033 -22.8484 8.1536 4.4645 -23.389099
4 16 8.1536 4.4645 -23.389099 8.1967 4.956 -23.863701 8.233 5.5 -24.263 8.262 6.0865 -24.581499
4 16 8.262 6.0865 -24.581499 8.283 6.706 -24.8125 8.2957 7.3475 -24.9527 8.3 8 -25
4 16 8.3 8 -25 8.3043 8.5873 -24.957001 8.3171 9.1646 -24.8295 8.3381 9.7222 -24.619499
4 16 8.3381 9.7222 -24.619499 8.367 10.25 -24.33 8.4033 10.7396 -23.966999 8.4465 11.182 -23.5355
4 16 8.4465 11.182 -23.5355 8.4956 11.5703 -23.044001 8.55 11.897 -22.5 8.6087 12.1576 -21.9135
4 16 8.6087 12.1576 -21.9135 8.6706 12.3466 -21.294001 8.7348 12.4613 -20.6525 8.8 12.5 -20
4 16 8.8 12.5 -20 8.8 12.4656 -19.739 8.8 12.3636 -19.482401 8.8 12.1956 -19.2346
4 16 8.8 12.1956 -19.2346 8.8 11.964 -19 8.8 11.6736 -18.7824 8.8 11.347 -18.599701