0 Hi-Res Ring 34 x 0.125
0 Name: 48\1-8rin34.dat
0 Author: BLStudio
0 !LICENSE Redistributable under CCAL version 2.0 : see CAreadme.txt

0 BFC CERTIFY CCW

4 16 34 0 0 35 0 0 34.70057 0 4.568417 33.70913 0 4.437891 
4 16 33.70913 0 4.437891 34.70057 0 4.568417 33.8074 0 9.058666 32.84148 0 8.799848 
4 16 32.84148 0 8.799848 33.8074 0 9.058666 32.33578 0 13.39392 31.4119 0 13.01124 
4 16 31.4119 0 13.01124 32.33578 0 13.39392 30.31089 0 17.5 29.44486 0 17 
4 16 29.44486 0 17 30.31089 0 17.5 27.76737 0 21.30665 26.97401 0 20.69789 
4 16 26.97401 0 20.69789 27.76737 0 21.30665 24.74874 0 24.74874 24.04163 0 24.04163 
0 // Build by Primitive Generator 2
