0 Stud Tube Open Sliced for Hollow Stud with Step (Fast-Draw)
0 Name: 8\stud2s2.dat
0 Author: Owen Burgoyne [C3POwen]
0 !LDRAW_ORG Unofficial_8_Primitive
0 !LICENSE Redistributable under CCAL version 2.0 : see CAreadme.txt
0 BFC CERTIFY CCW
2 24 6 0 0 4.2 0.3 4.2
2 24 4.2 0.3 4.2 0 1 6
2 24 0 1 6 -4.2 1.7 4.2
2 24 -4.2 1.7 4.2 -6 2 0
2 24 6 0 0 4.2 0.3 -4.2
2 24 4.2 0.3 -4.2 0 1 -6
2 24 0 1 -6 -4.2 1.7 -4.2
2 24 -4.2 1.7 -4.2 -6 2 0
3 16 6 0 0 4.2 0.3 4.2 4.2 0 4.2
4 16 4.2 0.3 4.2 0 1 6 0 0 6 4.2 0 4.2
4 16 0 1 6 -4.2 1.7 4.2 -4.2 0 4.2 0 0 6
4 16 -4.2 1.7 4.2 -6 2 0 -6 0 0 -4.2 0 4.2
4 16 -4.2 0 -4.2 -6 0 0 -6 2 0 -4.2 1.7 -4.2
4 16 0 0 -6 -4.2 0 -4.2 -4.2 1.7 -4.2 0 1 -6
4 16 4.2 0 -4.2 0 0 -6 0 1 -6 4.2 0.3 -4.2
3 16 4.2 0 -4.2 4.2 0.3 -4.2 6 0 0
2 24 3.5 0.417 0 2.475 0.589 2.475
2 24 2.475 0.589 2.475 0 1.001 3.5
2 24 0 1.001 3.5 -2.475 1.413 2.475
2 24 -2.475 1.413 2.475 -3.5 1.584 0
2 24 3.5 0.417 0 2.475 0.589 -2.475
2 24 2.475 0.589 -2.475 0 1.001 -3.5
2 24 0 1.001 -3.5 -2.475 1.413 -2.475
2 24 -2.475 1.413 -2.475 -3.5 1.584 0
4 16 3.5 0 0 2.475 0 2.475 2.475 0.589 2.475 3.5 0.417 0
4 16 2.475 0 2.475 0 0 3.5 0 1.001 3.5 2.475 0.589 2.475
4 16 0 0 3.5 -2.475 0 2.475 -2.475 1.413 2.475 0 1.001 3.5
4 16 -2.475 0 2.475 -3.5 0 0 -3.5 1.584 0 -2.475 1.413 2.475
4 16 -2.475 1.413 -2.475 -3.5 1.584 0 -3.5 0 0 -2.475 0 -2.475
4 16 0 1.001 -3.5 -2.475 1.413 -2.475 -2.475 0 -2.475 0 0 -3.5
4 16 2.475 0.589 -2.475 0 1.001 -3.5 0 0 -3.5 2.475 0 -2.475
4 16 3.5 0.417 0 2.475 0.589 -2.475 2.475 0 -2.475 3.5 0 0