0 MINI GOGGLES NO. 2 (Needs Work)
0 Name: 15446.dat
0 Author: <AuthorRealName> [<AuthorLDrawName>]
0 !LDRAW_ORG Unofficial_Part
0 !LICENSE Redistributable under CCAL version 2.0 : see CAreadme.txt

0 BFC CERTIFY CCW

0 !HISTORY 2014-05-16 {LEGO Digital Designer} Original part shape
0 !HISTORY 2014-05-16 [<AuthorLDrawName>] File preparation for LDraw Parts Tracker

0 // Needs Work: Clean necessary

0 // Outside
3 16 -18.987 0.057 -2.792 -18.983 0.057 -0.358 -18.983 1.274 -2.466 
3 16 -18.983 1.274 -2.466 -18.983 0.057 -0.358 -18.983 2.165 -1.575 
3 16 -18.983 2.165 -1.575 -18.983 0.057 -0.358 -18.987 2.491 -0.358 
3 16 -18.784 1.528 -2.905 -18.784 2.604 -1.828 -18.312 1.648 -3.115 
3 16 -18.784 2.604 -1.828 -18.987 2.491 -0.358 -18.784 2.999 -0.358 
3 16 -18.312 2.814 -1.949 -18.784 2.999 -0.358 -18.312 3.24 -0.358 
3 16 -18.312 1.648 -3.115 -18.784 2.604 -1.828 -18.312 2.814 -1.949 
3 16 -18.784 2.604 -1.828 -18.784 2.999 -0.358 -18.312 2.814 -1.949 
3 16 -18.987 2.491 -0.358 -18.784 2.604 -1.828 -18.983 2.165 -1.575 
3 16 -18.784 2.604 -1.828 -18.784 1.528 -2.905 -18.983 2.165 -1.575 
3 16 -18.784 0.057 -3.299 -18.784 1.528 -2.905 -18.312 0.057 -3.541 
3 16 -18.312 0.057 -3.541 -18.784 1.528 -2.905 -18.312 1.648 -3.115 
3 16 -18.987 0.057 -2.792 -18.983 1.274 -2.466 -18.784 0.057 -3.299 
3 16 -18.784 1.528 -2.905 -18.784 0.057 -3.299 -18.983 1.274 -2.466 
3 16 -18.983 1.274 -2.466 -18.983 2.165 -1.575 -18.784 1.528 -2.905 
3 16 -18.987 2.491 -0.358 -18.983 0.057 -0.358 -18.983 2.165 0.86 
3 16 -18.983 2.165 0.86 -18.983 0.057 -0.358 -18.983 1.274 1.751 
3 16 -18.983 1.274 1.751 -18.983 0.057 -0.358 -18.987 0.057 2.077 
3 16 -18.784 2.604 1.113 -18.784 1.528 2.19 -18.312 2.814 1.234 
3 16 -18.784 1.528 2.19 -18.987 0.057 2.077 -18.784 0.057 2.584 
3 16 -18.312 1.648 2.4 -18.784 0.057 2.584 -18.312 0.057 2.826 
3 16 -18.312 2.814 1.234 -18.784 1.528 2.19 -18.312 1.648 2.4 
3 16 -18.784 1.528 2.19 -18.784 0.057 2.584 -18.312 1.648 2.4 
3 16 -18.987 0.057 2.077 -18.784 1.528 2.19 -18.983 1.274 1.751 
3 16 -18.784 1.528 2.19 -18.784 2.604 1.113 -18.983 1.274 1.751 
3 16 -18.784 2.999 -0.358 -18.784 2.604 1.113 -18.312 3.24 -0.358 
3 16 -18.312 3.24 -0.358 -18.784 2.604 1.113 -18.312 2.814 1.234 
3 16 -18.987 2.491 -0.358 -18.983 2.165 0.86 -18.784 2.999 -0.358 
3 16 -18.784 2.604 1.113 -18.784 2.999 -0.358 -18.983 2.165 0.86 
3 16 -18.983 2.165 0.86 -18.983 1.274 1.751 -18.784 2.604 1.113 
3 16 -18.987 0.057 2.077 -18.983 0.057 -0.358 -18.983 -1.161 1.751 
3 16 -18.983 -1.161 1.751 -18.983 0.057 -0.358 -18.983 -2.052 0.86 
3 16 -18.983 -2.052 0.86 -18.983 0.057 -0.358 -18.987 -2.378 -0.358 
3 16 -18.784 -1.414 2.19 -18.784 -2.491 1.113 -18.312 -1.535 2.4 
3 16 -18.784 -2.491 1.113 -18.987 -2.378 -0.358 -18.784 -2.885 -0.358 
3 16 -18.312 -2.701 1.234 -18.784 -2.885 -0.358 -18.312 -3.127 -0.358 
3 16 -18.312 -1.535 2.4 -18.784 -2.491 1.113 -18.312 -2.701 1.234 
3 16 -18.784 -2.491 1.113 -18.784 -2.885 -0.358 -18.312 -2.701 1.234 
3 16 -18.987 -2.378 -0.358 -18.784 -2.491 1.113 -18.983 -2.052 0.86 
3 16 -18.784 -2.491 1.113 -18.784 -1.414 2.19 -18.983 -2.052 0.86 
3 16 -18.784 0.057 2.584 -18.784 -1.414 2.19 -18.312 0.057 2.826 
3 16 -18.312 0.057 2.826 -18.784 -1.414 2.19 -18.312 -1.535 2.4 
3 16 -18.987 0.057 2.077 -18.983 -1.161 1.751 -18.784 0.057 2.584 
3 16 -18.784 -1.414 2.19 -18.784 0.057 2.584 -18.983 -1.161 1.751 
3 16 -18.983 -1.161 1.751 -18.983 -2.052 0.86 -18.784 -1.414 2.19 
3 16 -18.987 -2.378 -0.358 -18.983 0.057 -0.358 -18.983 -2.052 -1.575 
3 16 -18.983 -2.052 -1.575 -18.983 0.057 -0.358 -18.983 -1.161 -2.466 
3 16 -18.983 -1.161 -2.466 -18.983 0.057 -0.358 -18.987 0.057 -2.792 
3 16 -18.784 -2.491 -1.828 -18.784 -1.414 -2.905 -18.312 -2.701 -1.949 
3 16 -18.784 -1.414 -2.905 -18.987 0.057 -2.792 -18.784 0.057 -3.299 
3 16 -18.312 -1.535 -3.115 -18.784 0.057 -3.299 -18.312 0.057 -3.541 
3 16 -18.312 -2.701 -1.949 -18.784 -1.414 -2.905 -18.312 -1.535 -3.115 
3 16 -18.784 -1.414 -2.905 -18.784 0.057 -3.299 -18.312 -1.535 -3.115 
3 16 -18.987 0.057 -2.792 -18.784 -1.414 -2.905 -18.983 -1.161 -2.466 
3 16 -18.784 -1.414 -2.905 -18.784 -2.491 -1.828 -18.983 -1.161 -2.466 
3 16 -18.784 -2.885 -0.358 -18.784 -2.491 -1.828 -18.312 -3.127 -0.358 
3 16 -18.312 -3.127 -0.358 -18.784 -2.491 -1.828 -18.312 -2.701 -1.949 
3 16 -18.987 -2.378 -0.358 -18.983 -2.052 -1.575 -18.784 -2.885 -0.358 
3 16 -18.784 -2.491 -1.828 -18.784 -2.885 -0.358 -18.983 -2.052 -1.575 
3 16 -18.983 -2.052 -1.575 -18.983 -1.161 -2.466 -18.784 -2.491 -1.828 
3 16 -18.312 3.062 2.648 -17.062 3.062 2.648 -18.312 4.254 0.307 
3 16 -18.312 4.254 0.307 -17.062 3.062 2.648 -17.063 4.254 0.307 
3 16 -18.312 0.721 3.84 -17.063 0.721 3.84 -18.312 3.062 2.648 
3 16 -18.312 3.062 2.648 -17.063 0.721 3.84 -17.062 3.062 2.648 
3 16 -18.312 -1.873 3.429 -17.062 -1.873 3.429 -18.312 0.721 3.84 
3 16 -18.312 0.721 3.84 -17.062 -1.873 3.429 -17.063 0.721 3.84 
3 16 -18.312 -3.73 1.572 -17.062 -3.73 1.572 -18.312 -1.873 3.429 
3 16 -18.312 -1.873 3.429 -17.062 -3.73 1.572 -17.062 -1.873 3.429 
3 16 -18.312 -4.141 -1.022 -17.062 -4.141 -1.022 -18.312 -3.73 1.572 
3 16 -18.312 -3.73 1.572 -17.062 -4.141 -1.022 -17.062 -3.73 1.572 
3 16 -17.063 4.254 0.307 -17.062 4.756 -2.858 -18.312 4.254 0.307 
3 16 -18.312 4.254 0.307 -17.062 4.756 -2.858 -18.312 4.756 -2.858 
3 16 -17.062 4.756 -2.858 -17.724 5.019 -4.518 -18.312 4.756 -2.858 
3 16 -18.312 4.756 -2.858 -17.724 5.019 -4.518 -18.251 4.994 -4.361 
3 16 -17.313 5.412 -7 -16.039 5.679 -8.689 -16.745 5.712 -8.898 
3 16 -17.313 5.412 -7 -16.745 5.712 -8.898 -17.761 5.462 -7.318 
3 16 -17.761 5.462 -7.318 -16.745 5.712 -8.898 -17.294 5.709 -8.878 
3 16 -17.724 5.019 -4.518 -17.062 4.756 -2.858 -17.434 5.093 -4.985 
3 16 -17.189 5.327 -6.465 -16.039 5.679 -8.689 -17.313 5.412 -7 
3 16 -17.434 5.093 -4.985 -16.039 5.679 -8.689 -17.189 5.327 -6.465 
3 16 -16.039 5.679 -8.689 -17.434 5.093 -4.985 -17.062 4.756 -2.858 
3 16 -16.039 5.679 -8.689 -16.348 5.772 -9.278 -16.745 5.712 -8.898 
3 16 -16.039 5.679 -8.689 -14.447 6.193 -11.935 -16.348 5.772 -9.278 
3 16 -16.348 5.772 -9.278 -14.447 6.193 -11.935 -15.74 5.99 -10.649 
3 16 -14.447 6.193 -11.935 -14.222 6.388 -13.162 -15.74 5.99 -10.649 
3 16 -15.726 6.077 -11.199 -15.74 5.99 -10.649 -14.222 6.388 -13.162 
3 16 -14.702 6.345 -12.894 -16.081 6.143 -11.619 -15.726 6.077 -11.199 
3 16 -16.081 6.143 -11.619 -14.702 6.345 -12.894 -15.239 6.364 -13.012 
3 16 -13.291 6.574 -14.338 -14.222 6.388 -13.162 -13.103 6.487 -13.789 
3 16 -13.103 6.487 -13.789 -14.222 6.388 -13.162 -14.447 6.193 -11.935 
3 16 -14.222 6.388 -13.162 -14.702 6.345 -12.894 -15.726 6.077 -11.199 
3 16 -13.103 6.487 -13.789 -10.799 6.795 -15.736 -13.291 6.574 -14.338 
3 16 -10.799 6.795 -15.736 -13.14 6.658 -14.867 -13.291 6.574 -14.338 
3 16 -10.799 6.795 -15.736 -11.607 6.999 -17.021 -13.14 6.658 -14.867 
3 16 -13.14 6.658 -14.867 -11.607 6.999 -17.021 -13.378 6.736 -15.362 
3 16 -11.607 6.999 -17.021 -10.799 6.795 -15.736 -10.495 7.135 -17.881 
3 16 -18.312 -3.85 -2.858 -18.312 4.254 0.307 -18.312 4.756 -2.858 
3 16 -18.312 -3.73 1.572 -18.312 4.254 0.307 -18.312 -3.85 -2.858 
3 16 -18.312 4.254 0.307 -18.312 -3.73 1.572 -18.312 3.062 2.648 
3 16 -18.312 -1.873 3.429 -18.312 0.721 3.84 -18.312 3.062 2.648 
3 16 -18.312 -3.73 1.572 -18.312 -1.873 3.429 -18.312 3.062 2.648 
3 16 -18.312 -3.85 -2.858 -18.312 -4.141 -1.022 -18.312 -3.73 1.572 
3 16 -18.251 -3.612 -4.361 -18.312 4.756 -2.858 -18.251 4.994 -4.361 
3 16 -18.251 -3.612 -4.361 -18.312 -3.85 -2.858 -18.312 4.756 -2.858 
3 16 -17.724 -3.587 -4.518 -18.251 -3.612 -4.361 -17.724 5.019 -4.518 
3 16 -17.724 5.019 -4.518 -18.251 -3.612 -4.361 -18.251 4.994 -4.361 
3 16 -17.434 -3.513 -4.985 -17.724 -3.587 -4.518 -17.434 5.093 -4.985 
3 16 -17.434 5.093 -4.985 -17.724 -3.587 -4.518 -17.724 5.019 -4.518 
3 16 -17.062 -4.141 -1.022 -18.312 -3.85 -2.858 -17.062 -3.85 -2.858 
3 16 -17.062 -3.85 -2.858 -18.312 -3.85 -2.858 -17.724 -3.587 -4.518 
3 16 -17.724 -3.587 -4.518 -18.312 -3.85 -2.858 -18.251 -3.612 -4.361 
3 16 -16.745 -2.894 -8.898 -17.313 -3.194 -7 -17.294 -2.897 -8.878 
3 16 -16.745 -2.894 -8.898 -16.348 -2.834 -9.278 -17.189 -3.279 -6.465 
3 16 -17.313 -3.194 -7 -17.761 -3.144 -7.318 -17.294 -2.897 -8.878 
3 16 -17.724 -3.587 -4.518 -17.434 -3.513 -4.985 -17.062 -3.85 -2.858 
3 16 -17.062 -3.85 -2.858 -17.434 -3.513 -4.985 -16.127 -2.954 -8.52 
3 16 -17.434 -3.513 -4.985 -17.189 -3.279 -6.465 -16.127 -2.954 -8.52 
3 16 -16.745 -2.894 -8.898 -17.189 -3.279 -6.465 -17.313 -3.194 -7 
3 16 -17.062 -4.141 -1.022 -18.312 -4.141 -1.022 -18.312 -3.85 -2.858 
3 16 -16.348 -2.834 -9.278 -16.127 -2.954 -8.52 -17.189 -3.279 -6.465 
3 16 -16.348 -2.834 -9.278 -15.74 -2.616 -10.649 -16.127 -2.954 -8.52 
3 16 -13.32 -2.144 -13.628 -16.127 -2.954 -8.52 -15.74 -2.616 -10.649 
3 16 -15.74 -2.616 -10.649 -14.222 -2.218 -13.162 -13.32 -2.144 -13.628 
3 16 -15.726 -2.529 -11.199 -14.702 -2.261 -12.894 -15.74 -2.616 -10.649 
3 16 -15.74 -2.616 -10.649 -14.702 -2.261 -12.894 -14.222 -2.218 -13.162 
3 16 -14.702 -2.261 -12.894 -15.726 -2.529 -11.199 -15.239 -2.242 -13.012 
3 16 -15.239 -2.242 -13.012 -15.726 -2.529 -11.199 -16.081 -2.463 -11.619 
3 16 -14.222 -2.218 -13.162 -13.291 -2.032 -14.338 -13.32 -2.144 -13.628 
3 16 -13.32 -2.144 -13.628 -13.291 -2.032 -14.338 -9.378 -1.593 -17.112 
3 16 -13.14 -1.948 -14.867 -9.378 -1.593 -17.112 -13.291 -2.032 -14.338 
3 16 -13.14 -1.948 -14.867 -11.607 -1.607 -17.021 -9.378 -1.593 -17.112 
3 16 -13.14 -1.948 -14.867 -13.378 -1.87 -15.362 -11.607 -1.607 -17.021 
3 16 -11.607 -1.607 -17.021 -9.657 -1.386 -18.417 -9.378 -1.593 -17.112 
3 16 -17.294 -2.897 -8.878 -17.761 -3.144 -7.318 -17.294 5.709 -8.878 
3 16 -17.761 -3.144 -7.318 -17.761 5.462 -7.318 -17.294 5.709 -8.878 
3 16 -16.745 -2.894 -8.898 -17.294 -2.897 -8.878 -16.745 5.712 -8.898 
3 16 -16.745 5.712 -8.898 -17.294 -2.897 -8.878 -17.294 5.709 -8.878 
3 16 -16.348 -2.834 -9.278 -16.745 -2.894 -8.898 -16.348 5.772 -9.278 
3 16 -16.348 5.772 -9.278 -16.745 -2.894 -8.898 -16.745 5.712 -8.898 
3 16 -17.313 5.412 -7 -17.761 5.462 -7.318 -17.313 -3.194 -7 
3 16 -17.313 -3.194 -7 -17.761 5.462 -7.318 -17.761 -3.144 -7.318 
3 16 -17.189 5.327 -6.465 -17.313 5.412 -7 -17.189 -3.279 -6.465 
3 16 -17.189 -3.279 -6.465 -17.313 5.412 -7 -17.313 -3.194 -7 
3 16 -17.434 5.093 -4.985 -17.189 5.327 -6.465 -17.434 -3.513 -4.985 
3 16 -17.189 5.327 -6.465 -17.189 -3.279 -6.465 -17.434 -3.513 -4.985 
3 16 -10.495 7.135 -17.881 -11.141 6.56 -17.391 -11.607 6.999 -17.021 
3 16 -11.141 6.56 -17.391 -12 3.432 -16.69 -11.607 6.999 -17.021 
3 16 -12 3.432 -16.69 -13.378 6.736 -15.362 -11.607 6.999 -17.021 
3 16 -13.378 6.736 -15.362 -12 3.432 -16.69 -13.378 -1.87 -15.362 
3 16 -12 3.432 -16.69 -11.179 0.369 -17.317 -13.378 -1.87 -15.362 
3 16 -11.179 0.369 -17.317 -11.607 -1.607 -17.021 -13.378 -1.87 -15.362 
3 16 -9.657 -1.386 -18.417 -11.607 -1.607 -17.021 -11.179 0.369 -17.317 
3 16 -13.14 6.658 -14.867 -13.378 6.736 -15.362 -13.14 -1.948 -14.867 
3 16 -13.14 -1.948 -14.867 -13.378 6.736 -15.362 -13.378 -1.87 -15.362 
3 16 -13.291 6.574 -14.338 -13.14 6.658 -14.867 -13.291 -2.032 -14.338 
3 16 -13.291 -2.032 -14.338 -13.14 6.658 -14.867 -13.14 -1.948 -14.867 
3 16 -13.291 -2.032 -14.338 -14.222 -2.218 -13.162 -13.291 6.574 -14.338 
3 16 -14.222 -2.218 -13.162 -14.222 6.388 -13.162 -13.291 6.574 -14.338 
3 16 -14.702 6.345 -12.894 -14.222 6.388 -13.162 -14.702 -2.261 -12.894 
3 16 -14.702 -2.261 -12.894 -14.222 6.388 -13.162 -14.222 -2.218 -13.162 
3 16 -14.702 -2.261 -12.894 -15.239 -2.242 -13.012 -14.702 6.345 -12.894 
3 16 -15.239 -2.242 -13.012 -15.239 6.364 -13.012 -14.702 6.345 -12.894 
3 16 -15.239 -2.242 -13.012 -16.081 -2.463 -11.619 -15.239 6.364 -13.012 
3 16 -16.081 -2.463 -11.619 -16.081 6.143 -11.619 -15.239 6.364 -13.012 
3 16 -15.726 6.077 -11.199 -16.081 6.143 -11.619 -15.726 -2.529 -11.199 
3 16 -15.726 -2.529 -11.199 -16.081 6.143 -11.619 -16.081 -2.463 -11.619 
3 16 -15.74 5.99 -10.649 -15.726 6.077 -11.199 -15.74 -2.616 -10.649 
3 16 -15.74 -2.616 -10.649 -15.726 6.077 -11.199 -15.726 -2.529 -11.199 
3 16 -15.74 -2.616 -10.649 -16.348 -2.834 -9.278 -15.74 5.99 -10.649 
3 16 -16.348 -2.834 -9.278 -16.348 5.772 -9.278 -15.74 5.99 -10.649 
3 16 18.312 3.062 2.648 18.312 4.254 0.307 17.062 3.062 2.648 
3 16 18.312 4.254 0.307 17.063 4.254 0.307 17.062 3.062 2.648 
3 16 18.312 0.721 3.84 18.312 3.062 2.648 17.063 0.721 3.84 
3 16 18.312 3.062 2.648 17.062 3.062 2.648 17.063 0.721 3.84 
3 16 18.312 -1.873 3.429 18.312 0.721 3.84 17.062 -1.873 3.429 
3 16 18.312 0.721 3.84 17.063 0.721 3.84 17.062 -1.873 3.429 
3 16 18.312 -3.73 1.572 18.312 -1.873 3.429 17.062 -3.73 1.572 
3 16 18.312 -1.873 3.429 17.062 -1.873 3.429 17.062 -3.73 1.572 
3 16 18.312 -4.141 -1.022 18.312 -3.73 1.572 17.062 -4.141 -1.022 
3 16 18.312 -3.73 1.572 17.062 -3.73 1.572 17.062 -4.141 -1.022 
3 16 17.063 4.254 0.307 18.312 4.254 0.307 17.062 4.756 -2.858 
3 16 18.312 4.254 0.307 18.312 4.756 -2.858 17.062 4.756 -2.858 
3 16 17.062 4.756 -2.858 18.312 4.756 -2.858 17.724 5.019 -4.518 
3 16 18.312 4.756 -2.858 18.251 4.994 -4.361 17.724 5.019 -4.518 
3 16 17.313 5.412 -7 16.745 5.712 -8.898 16.039 5.679 -8.689 
3 16 17.313 5.412 -7 17.761 5.462 -7.318 16.745 5.712 -8.898 
3 16 17.761 5.462 -7.318 17.294 5.709 -8.878 16.745 5.712 -8.898 
3 16 17.724 5.019 -4.518 17.434 5.093 -4.985 17.062 4.756 -2.858 
3 16 17.189 5.327 -6.465 17.313 5.412 -7 16.039 5.679 -8.689 
3 16 17.434 5.093 -4.985 17.189 5.327 -6.465 16.039 5.679 -8.689 
3 16 16.039 5.679 -8.689 17.062 4.756 -2.858 17.434 5.093 -4.985 
3 16 16.039 5.679 -8.689 16.745 5.712 -8.898 16.348 5.772 -9.278 
3 16 16.039 5.679 -8.689 16.348 5.772 -9.278 14.447 6.193 -11.935 
3 16 16.348 5.772 -9.278 15.74 5.99 -10.649 14.447 6.193 -11.935 
3 16 14.447 6.193 -11.935 15.74 5.99 -10.649 14.222 6.388 -13.162 
3 16 15.726 6.077 -11.199 14.222 6.388 -13.162 15.74 5.99 -10.649 
3 16 14.702 6.345 -12.894 15.726 6.077 -11.199 16.081 6.143 -11.619 
3 16 16.081 6.143 -11.619 15.239 6.364 -13.012 14.702 6.345 -12.894 
3 16 13.291 6.574 -14.338 13.103 6.487 -13.789 14.222 6.388 -13.162 
3 16 13.103 6.487 -13.789 14.447 6.193 -11.935 14.222 6.388 -13.162 
3 16 14.222 6.388 -13.162 15.726 6.077 -11.199 14.702 6.345 -12.894 
3 16 13.103 6.487 -13.789 13.291 6.574 -14.338 10.799 6.795 -15.736 
3 16 10.799 6.795 -15.736 13.291 6.574 -14.338 13.14 6.658 -14.867 
3 16 10.799 6.795 -15.736 13.14 6.658 -14.867 11.607 6.999 -17.021 
3 16 13.14 6.658 -14.867 13.378 6.736 -15.362 11.607 6.999 -17.021 
3 16 11.607 6.999 -17.021 10.495 7.135 -17.881 10.799 6.795 -15.736 
3 16 18.312 -3.85 -2.858 18.312 4.756 -2.858 18.312 4.254 0.307 
3 16 18.312 -3.73 1.572 18.312 -3.85 -2.858 18.312 4.254 0.307 
3 16 18.312 4.254 0.307 18.312 3.062 2.648 18.312 -3.73 1.572 
3 16 18.312 -1.873 3.429 18.312 3.062 2.648 18.312 0.721 3.84 
3 16 18.312 -3.73 1.572 18.312 3.062 2.648 18.312 -1.873 3.429 
3 16 18.312 -3.85 -2.858 18.312 -3.73 1.572 18.312 -4.141 -1.022 
3 16 18.251 -3.612 -4.361 18.251 4.994 -4.361 18.312 4.756 -2.858 
3 16 18.251 -3.612 -4.361 18.312 4.756 -2.858 18.312 -3.85 -2.858 
3 16 17.724 -3.587 -4.518 17.724 5.019 -4.518 18.251 -3.612 -4.361 
3 16 17.724 5.019 -4.518 18.251 4.994 -4.361 18.251 -3.612 -4.361 
3 16 17.434 -3.513 -4.985 17.434 5.093 -4.985 17.724 -3.587 -4.518 
3 16 17.434 5.093 -4.985 17.724 5.019 -4.518 17.724 -3.587 -4.518 
3 16 17.062 -4.141 -1.022 17.062 -3.85 -2.858 18.312 -3.85 -2.858 
3 16 17.062 -3.85 -2.858 17.724 -3.587 -4.518 18.312 -3.85 -2.858 
3 16 17.724 -3.587 -4.518 18.251 -3.612 -4.361 18.312 -3.85 -2.858 
3 16 16.745 -2.894 -8.898 17.294 -2.897 -8.878 17.313 -3.194 -7 
3 16 16.745 -2.894 -8.898 17.189 -3.279 -6.465 16.348 -2.834 -9.278 
3 16 17.313 -3.194 -7 17.294 -2.897 -8.878 17.761 -3.144 -7.318 
3 16 17.724 -3.587 -4.518 17.062 -3.85 -2.858 17.434 -3.513 -4.985 
3 16 17.062 -3.85 -2.858 16.127 -2.954 -8.52 17.434 -3.513 -4.985 
3 16 17.434 -3.513 -4.985 16.127 -2.954 -8.52 17.189 -3.279 -6.465 
3 16 16.745 -2.894 -8.898 17.313 -3.194 -7 17.189 -3.279 -6.465 
3 16 17.062 -4.141 -1.022 18.312 -3.85 -2.858 18.312 -4.141 -1.022 
3 16 16.348 -2.834 -9.278 17.189 -3.279 -6.465 16.127 -2.954 -8.52 
3 16 16.348 -2.834 -9.278 16.127 -2.954 -8.52 15.74 -2.616 -10.649 
3 16 13.32 -2.144 -13.628 15.74 -2.616 -10.649 16.127 -2.954 -8.52 
3 16 15.74 -2.616 -10.649 13.32 -2.144 -13.628 14.222 -2.218 -13.162 
3 16 15.726 -2.529 -11.199 15.74 -2.616 -10.649 14.702 -2.261 -12.894 
3 16 15.74 -2.616 -10.649 14.222 -2.218 -13.162 14.702 -2.261 -12.894 
3 16 14.702 -2.261 -12.894 15.239 -2.242 -13.012 15.726 -2.529 -11.199 
3 16 15.239 -2.242 -13.012 16.081 -2.463 -11.619 15.726 -2.529 -11.199 
3 16 14.222 -2.218 -13.162 13.32 -2.144 -13.628 13.291 -2.032 -14.338 
3 16 13.32 -2.144 -13.628 9.378 -1.593 -17.112 13.291 -2.032 -14.338 
3 16 13.14 -1.948 -14.867 13.291 -2.032 -14.338 9.378 -1.593 -17.112 
3 16 13.14 -1.948 -14.867 9.378 -1.593 -17.112 11.607 -1.607 -17.021 
3 16 13.14 -1.948 -14.867 11.607 -1.607 -17.021 13.378 -1.87 -15.362 
3 16 11.607 -1.607 -17.021 9.378 -1.593 -17.112 9.657 -1.386 -18.417 
3 16 17.294 -2.897 -8.878 17.294 5.709 -8.878 17.761 -3.144 -7.318 
3 16 17.761 -3.144 -7.318 17.294 5.709 -8.878 17.761 5.462 -7.318 
3 16 16.745 -2.894 -8.898 16.745 5.712 -8.898 17.294 -2.897 -8.878 
3 16 16.745 5.712 -8.898 17.294 5.709 -8.878 17.294 -2.897 -8.878 
3 16 16.348 -2.834 -9.278 16.348 5.772 -9.278 16.745 -2.894 -8.898 
3 16 16.348 5.772 -9.278 16.745 5.712 -8.898 16.745 -2.894 -8.898 
3 16 17.313 5.412 -7 17.313 -3.194 -7 17.761 5.462 -7.318 
3 16 17.313 -3.194 -7 17.761 -3.144 -7.318 17.761 5.462 -7.318 
3 16 17.189 5.327 -6.465 17.189 -3.279 -6.465 17.313 5.412 -7 
3 16 17.189 -3.279 -6.465 17.313 -3.194 -7 17.313 5.412 -7 
3 16 17.434 5.093 -4.985 17.434 -3.513 -4.985 17.189 5.327 -6.465 
3 16 17.189 5.327 -6.465 17.434 -3.513 -4.985 17.189 -3.279 -6.465 
3 16 10.495 7.135 -17.881 11.607 6.999 -17.021 11.141 6.56 -17.391 
3 16 11.141 6.56 -17.391 11.607 6.999 -17.021 12 3.432 -16.69 
3 16 12 3.432 -16.69 11.607 6.999 -17.021 13.378 6.736 -15.362 
3 16 13.378 6.736 -15.362 13.378 -1.87 -15.362 12 3.432 -16.69 
3 16 12 3.432 -16.69 13.378 -1.87 -15.362 11.179 0.369 -17.317 
3 16 11.179 0.369 -17.317 13.378 -1.87 -15.362 11.607 -1.607 -17.021 
3 16 9.657 -1.386 -18.417 11.179 0.369 -17.317 11.607 -1.607 -17.021 
3 16 13.14 6.658 -14.867 13.14 -1.948 -14.867 13.378 6.736 -15.362 
3 16 13.14 -1.948 -14.867 13.378 -1.87 -15.362 13.378 6.736 -15.362 
3 16 13.291 6.574 -14.338 13.291 -2.032 -14.338 13.14 6.658 -14.867 
3 16 13.291 -2.032 -14.338 13.14 -1.948 -14.867 13.14 6.658 -14.867 
3 16 13.291 -2.032 -14.338 13.291 6.574 -14.338 14.222 -2.218 -13.162 
3 16 14.222 -2.218 -13.162 13.291 6.574 -14.338 14.222 6.388 -13.162 
3 16 14.702 6.345 -12.894 14.702 -2.261 -12.894 14.222 6.388 -13.162 
3 16 14.702 -2.261 -12.894 14.222 -2.218 -13.162 14.222 6.388 -13.162 
3 16 14.702 -2.261 -12.894 14.702 6.345 -12.894 15.239 -2.242 -13.012 
3 16 15.239 -2.242 -13.012 14.702 6.345 -12.894 15.239 6.364 -13.012 
3 16 15.239 -2.242 -13.012 15.239 6.364 -13.012 16.081 -2.463 -11.619 
3 16 16.081 -2.463 -11.619 15.239 6.364 -13.012 16.081 6.143 -11.619 
3 16 15.726 6.077 -11.199 15.726 -2.529 -11.199 16.081 6.143 -11.619 
3 16 15.726 -2.529 -11.199 16.081 -2.463 -11.619 16.081 6.143 -11.619 
3 16 15.74 5.99 -10.649 15.74 -2.616 -10.649 15.726 6.077 -11.199 
3 16 15.74 -2.616 -10.649 15.726 -2.529 -11.199 15.726 6.077 -11.199 
3 16 15.74 -2.616 -10.649 15.74 5.99 -10.649 16.348 -2.834 -9.278 
3 16 16.348 -2.834 -9.278 15.74 5.99 -10.649 16.348 5.772 -9.278 
3 16 -17.062 -3.887 2.508 -14.312 -3.887 2.508 -17.063 -1.45 4.279 
3 16 -17.063 -1.45 4.279 -14.312 -3.887 2.508 -14.312 -1.45 4.279 
3 16 -17.063 -4.818 -0.358 -14.312 -4.818 -0.358 -17.062 -3.887 2.508 
3 16 -17.062 -3.887 2.508 -14.312 -4.818 -0.358 -14.312 -3.887 2.508 
3 16 -17.063 -4.818 -0.358 -17.063 6.278 -2.858 -17.062 -4.818 -2.858 
3 16 -17.063 6.278 -2.858 -17.063 -4.818 -0.358 -17.063 4.761 1.31 
3 16 -17.062 2.312 3.964 -17.063 4.761 1.31 -17.062 -3.887 2.508 
3 16 -17.062 -3.887 2.508 -17.063 -1.45 4.279 -17.062 2.312 3.964 
3 16 -17.063 -4.818 -0.358 -17.062 -3.887 2.508 -17.063 4.761 1.31 
3 16 -3.75 -4.818 -19.503 -3.917 -4.818 -16.624 -9.047 -4.818 -17.324 
3 16 -3.917 -4.818 -16.624 -8.625 -4.818 -14.279 -9.047 -4.818 -17.324 
3 16 -9.047 -4.818 -17.324 -8.625 -4.818 -14.279 -13.325 -4.818 -13.515 
3 16 -8.625 -4.818 -14.279 -10.577 -4.818 -12.5 -13.325 -4.818 -13.515 
3 16 -13.325 -4.818 -13.515 -10.577 -4.818 -12.5 -16.101 -4.818 -8.504 
3 16 -13.346 -4.818 -8.028 -16.101 -4.818 -8.504 -10.577 -4.818 -12.5 
3 16 -16.101 -4.818 -8.504 -13.346 -4.818 -8.028 -17.062 -4.818 -2.858 
3 16 -14.312 -4.818 -2.858 -17.062 -4.818 -2.858 -13.346 -4.818 -8.028 
3 16 -14.312 -4.818 -0.358 -17.063 -4.818 -0.358 -14.312 -4.818 -2.858 
3 16 -14.312 -4.818 -2.858 -17.063 -4.818 -0.358 -17.062 -4.818 -2.858 
3 16 -3.917 9.557 -16.624 -8.625 9.557 -14.279 -3.917 -4.818 -16.624 
3 16 -3.917 -4.818 -16.624 -8.625 9.557 -14.279 -8.625 -4.818 -14.279 
3 16 -10.577 -4.818 -12.5 -8.625 -4.818 -14.279 -11.123 9.557 -11.865 
3 16 -11.123 9.557 -11.865 -8.625 -4.818 -14.279 -8.625 9.557 -14.279 
3 16 -11.123 9.557 -11.865 -13.346 8.16 -8.028 -10.577 -4.818 -12.5 
3 16 -10.577 -4.818 -12.5 -13.346 8.16 -8.028 -13.346 -4.818 -8.028 
3 16 -13.346 8.16 -8.028 -14.313 6.278 -2.858 -13.346 -4.818 -8.028 
3 16 -14.313 6.278 -2.858 -14.312 -4.818 -2.858 -13.346 -4.818 -8.028 
3 16 -14.491 9.557 -11.865 -11.123 9.557 -11.865 -13.04 9.557 -13.861 
3 16 -5.875 9.557 -18.877 -8.47 9.557 -17.67 -3.917 9.557 -16.624 
3 16 -8.47 9.557 -17.67 -8.625 9.557 -14.279 -3.917 9.557 -16.624 
3 16 -8.47 9.557 -17.67 -13.04 9.557 -13.861 -8.625 9.557 -14.279 
3 16 -8.625 9.557 -14.279 -13.04 9.557 -13.861 -11.123 9.557 -11.865 
3 16 -9.047 -4.818 -17.324 -3.75 -2.693 -19.503 -3.75 -4.818 -19.503 
3 16 -13.04 9.557 -13.861 -8.47 9.557 -17.67 -13.325 -4.818 -13.515 
3 16 -13.325 -4.818 -13.515 -8.47 9.557 -17.67 -9.047 -4.818 -17.324 
3 16 -13.04 9.557 -13.861 -13.325 -4.818 -13.515 -14.491 9.557 -11.865 
3 16 -13.325 -4.818 -13.515 -16.101 -4.818 -8.504 -14.491 9.557 -11.865 
3 16 -16.101 -4.818 -8.504 -16.025 8.41 -8.715 -14.491 9.557 -11.865 
3 16 -16.101 -4.818 -8.504 -17.062 -4.818 -2.858 -16.025 8.41 -8.715 
3 16 -17.063 6.278 -2.858 -16.025 8.41 -8.715 -17.062 -4.818 -2.858 
3 16 -11.123 9.557 -11.865 -14.491 9.557 -11.865 -13.346 8.16 -8.028 
3 16 -16.025 8.41 -8.715 -13.346 8.16 -8.028 -14.491 9.557 -11.865 
3 16 -17.063 6.278 -2.858 -14.313 6.278 -2.858 -16.025 8.41 -8.715 
3 16 -16.025 8.41 -8.715 -14.313 6.278 -2.858 -13.346 8.16 -8.028 
3 16 -17.063 4.761 1.31 -14.312 4.761 1.31 -17.063 6.278 -2.858 
3 16 -17.063 6.278 -2.858 -14.312 4.761 1.31 -14.313 6.278 -2.858 
3 16 -17.062 2.312 3.964 -14.312 2.312 3.964 -17.063 4.761 1.31 
3 16 -17.063 4.761 1.31 -14.312 2.312 3.964 -14.312 4.761 1.31 
3 16 -17.063 -1.45 4.279 -14.312 -1.45 4.279 -17.062 2.312 3.964 
3 16 -17.062 2.312 3.964 -14.312 -1.45 4.279 -14.312 2.312 3.964 
3 16 -14.312 -4.818 -0.358 -14.312 -4.818 -2.858 -14.312 4.761 1.31 
3 16 -14.313 6.278 -2.858 -14.312 4.761 1.31 -14.312 -4.818 -2.858 
3 16 -14.312 -4.818 -0.358 -14.312 4.761 1.31 -14.312 2.312 3.964 
3 16 -14.312 -3.887 2.508 -14.312 2.312 3.964 -14.312 -1.45 4.279 
3 16 -14.312 2.312 3.964 -14.312 -3.887 2.508 -14.312 -4.818 -0.358 
3 16 0 9.557 -17.109 -3.917 9.557 -16.624 0 -4.818 -17.109 
3 16 0 -4.818 -17.109 -3.917 9.557 -16.624 -3.917 -4.818 -16.624 
3 16 -9.047 -4.818 -17.324 -8.47 9.557 -17.67 -3.75 -2.693 -19.503 
3 16 -3.75 -2.693 -19.503 -8.47 9.557 -17.67 -5.875 9.557 -18.877 
3 16 17.062 -3.887 2.508 17.063 -1.45 4.279 14.312 -3.887 2.508 
3 16 17.063 -1.45 4.279 14.312 -1.45 4.279 14.312 -3.887 2.508 
3 16 17.063 -4.818 -0.358 17.062 -3.887 2.508 14.312 -4.818 -0.358 
3 16 17.062 -3.887 2.508 14.312 -3.887 2.508 14.312 -4.818 -0.358 
3 16 17.063 -4.818 -0.358 17.062 -4.818 -2.858 17.063 6.278 -2.858 
3 16 17.063 6.278 -2.858 17.063 4.761 1.31 17.063 -4.818 -0.358 
3 16 17.062 2.312 3.964 17.062 -3.887 2.508 17.063 4.761 1.31 
3 16 17.062 -3.887 2.508 17.062 2.312 3.964 17.063 -1.45 4.279 
3 16 17.063 -4.818 -0.358 17.063 4.761 1.31 17.062 -3.887 2.508 
3 16 3.75 -4.818 -19.503 9.047 -4.818 -17.324 3.917 -4.818 -16.624 
3 16 3.917 -4.818 -16.624 9.047 -4.818 -17.324 8.625 -4.818 -14.279 
3 16 9.047 -4.818 -17.324 13.325 -4.818 -13.515 8.625 -4.818 -14.279 
3 16 8.625 -4.818 -14.279 13.325 -4.818 -13.515 10.577 -4.818 -12.5 
3 16 13.325 -4.818 -13.515 16.101 -4.818 -8.504 10.577 -4.818 -12.5 
3 16 13.346 -4.818 -8.028 10.577 -4.818 -12.5 16.101 -4.818 -8.504 
3 16 16.101 -4.818 -8.504 17.062 -4.818 -2.858 13.346 -4.818 -8.028 
3 16 14.312 -4.818 -2.858 13.346 -4.818 -8.028 17.062 -4.818 -2.858 
3 16 14.312 -4.818 -0.358 14.312 -4.818 -2.858 17.063 -4.818 -0.358 
3 16 14.312 -4.818 -2.858 17.062 -4.818 -2.858 17.063 -4.818 -0.358 
3 16 3.917 9.557 -16.624 3.917 -4.818 -16.624 8.625 9.557 -14.279 
3 16 3.917 -4.818 -16.624 8.625 -4.818 -14.279 8.625 9.557 -14.279 
3 16 10.577 -4.818 -12.5 11.123 9.557 -11.865 8.625 -4.818 -14.279 
3 16 11.123 9.557 -11.865 8.625 9.557 -14.279 8.625 -4.818 -14.279 
3 16 11.123 9.557 -11.865 10.577 -4.818 -12.5 13.346 8.16 -8.028 
3 16 10.577 -4.818 -12.5 13.346 -4.818 -8.028 13.346 8.16 -8.028 
3 16 13.346 8.16 -8.028 13.346 -4.818 -8.028 14.313 6.278 -2.858 
3 16 14.313 6.278 -2.858 13.346 -4.818 -8.028 14.312 -4.818 -2.858 
3 16 14.491 9.557 -11.865 13.04 9.557 -13.861 11.123 9.557 -11.865 
3 16 5.875 9.557 -18.877 3.917 9.557 -16.624 8.47 9.557 -17.67 
3 16 8.47 9.557 -17.67 3.917 9.557 -16.624 8.625 9.557 -14.279 
3 16 8.47 9.557 -17.67 8.625 9.557 -14.279 13.04 9.557 -13.861 
3 16 8.625 9.557 -14.279 11.123 9.557 -11.865 13.04 9.557 -13.861 
3 16 9.047 -4.818 -17.324 3.75 -4.818 -19.503 3.75 -2.693 -19.503 
3 16 13.04 9.557 -13.861 13.325 -4.818 -13.515 8.47 9.557 -17.67 
3 16 13.325 -4.818 -13.515 9.047 -4.818 -17.324 8.47 9.557 -17.67 
3 16 13.04 9.557 -13.861 14.491 9.557 -11.865 13.325 -4.818 -13.515 
3 16 13.325 -4.818 -13.515 14.491 9.557 -11.865 16.101 -4.818 -8.504 
3 16 16.101 -4.818 -8.504 14.491 9.557 -11.865 16.025 8.41 -8.715 
3 16 16.101 -4.818 -8.504 16.025 8.41 -8.715 17.062 -4.818 -2.858 
3 16 17.063 6.278 -2.858 17.062 -4.818 -2.858 16.025 8.41 -8.715 
3 16 11.123 9.557 -11.865 13.346 8.16 -8.028 14.491 9.557 -11.865 
3 16 16.025 8.41 -8.715 14.491 9.557 -11.865 13.346 8.16 -8.028 
3 16 17.063 6.278 -2.858 16.025 8.41 -8.715 14.313 6.278 -2.858 
3 16 16.025 8.41 -8.715 13.346 8.16 -8.028 14.313 6.278 -2.858 
3 16 17.063 4.761 1.31 17.063 6.278 -2.858 14.312 4.761 1.31 
3 16 17.063 6.278 -2.858 14.313 6.278 -2.858 14.312 4.761 1.31 
3 16 17.062 2.312 3.964 17.063 4.761 1.31 14.312 2.312 3.964 
3 16 17.063 4.761 1.31 14.312 4.761 1.31 14.312 2.312 3.964 
3 16 17.063 -1.45 4.279 17.062 2.312 3.964 14.312 -1.45 4.279 
3 16 17.062 2.312 3.964 14.312 2.312 3.964 14.312 -1.45 4.279 
3 16 14.312 -4.818 -0.358 14.312 4.761 1.31 14.312 -4.818 -2.858 
3 16 14.313 6.278 -2.858 14.312 -4.818 -2.858 14.312 4.761 1.31 
3 16 14.312 -4.818 -0.358 14.312 2.312 3.964 14.312 4.761 1.31 
3 16 14.312 -3.887 2.508 14.312 -1.45 4.279 14.312 2.312 3.964 
3 16 14.312 2.312 3.964 14.312 -4.818 -0.358 14.312 -3.887 2.508 
3 16 0 9.557 -17.109 0 -4.818 -17.109 3.917 9.557 -16.624 
3 16 0 -4.818 -17.109 3.917 -4.818 -16.624 3.917 9.557 -16.624 
3 16 9.047 -4.818 -17.324 3.75 -2.693 -19.503 8.47 9.557 -17.67 
3 16 3.75 -2.693 -19.503 5.875 9.557 -18.877 8.47 9.557 -17.67 
3 16 -3.75 -4.518 -22.496 -3.75 -4.818 -21.375 -3.75 -2.693 -19.503 
3 16 -3.75 -2.693 -19.503 -3.75 -4.818 -21.375 -3.75 -4.818 -19.503 
3 16 -3.75 -2.693 -19.503 -3.75 -2.693 -22.75 -3.75 -4.518 -22.496 
3 16 -3.75 -2.693 -22.75 -3.75 -3.439 -23.575 -3.75 -4.518 -22.496 
3 16 -3.75 -2.693 -22.75 -3.75 -2.318 -23.875 -3.75 -3.439 -23.575 
3 16 -3.75 -2.693 -22.75 -3.75 -0.518 -22.75 -3.75 -2.318 -23.875 
3 16 -3.75 -0.518 -22.75 -3.75 -0.518 -23.875 -3.75 -2.318 -23.875 
3 16 -3.917 -4.818 -16.624 -3.75 -4.818 -19.503 0 -4.818 -17.109 
3 16 3.75 -4.518 -22.496 3.75 -2.693 -19.503 3.75 -4.818 -21.375 
3 16 3.75 -2.693 -19.503 3.75 -4.818 -19.503 3.75 -4.818 -21.375 
3 16 3.75 -2.693 -19.503 3.75 -4.518 -22.496 3.75 -2.693 -22.75 
3 16 3.75 -2.693 -22.75 3.75 -4.518 -22.496 3.75 -3.439 -23.575 
3 16 3.75 -2.693 -22.75 3.75 -3.439 -23.575 3.75 -2.318 -23.875 
3 16 3.75 -2.693 -22.75 3.75 -2.318 -23.875 3.75 -0.518 -22.75 
3 16 3.75 -0.518 -22.75 3.75 -2.318 -23.875 3.75 -0.518 -23.875 
3 16 -3.75 -4.818 -21.375 -3.75 -4.518 -22.496 3.75 -4.818 -21.375 
3 16 -3.75 -4.518 -22.496 3.75 -4.518 -22.496 3.75 -4.818 -21.375 
3 16 -3.75 -4.518 -22.496 -3.75 -3.439 -23.575 3.75 -4.518 -22.496 
3 16 -3.75 -3.439 -23.575 3.75 -3.439 -23.575 3.75 -4.518 -22.496 
3 16 -3.75 -3.439 -23.575 -3.75 -2.318 -23.875 3.75 -3.439 -23.575 
3 16 -3.75 -2.318 -23.875 3.75 -2.318 -23.875 3.75 -3.439 -23.575 
3 16 -3.75 -2.318 -23.875 -3.75 -0.518 -23.875 3.75 -2.318 -23.875 
3 16 -3.75 -0.518 -23.875 3.75 -0.518 -23.875 3.75 -2.318 -23.875 
3 16 3.917 -4.818 -16.624 0 -4.818 -17.109 3.75 -4.818 -19.503 
3 16 -3.75 -4.818 -19.503 -3.75 -4.818 -21.375 3.75 -4.818 -19.503 
3 16 -3.75 -4.818 -21.375 3.75 -4.818 -21.375 3.75 -4.818 -19.503 
3 16 3.75 -4.818 -19.503 0 -4.818 -17.109 -3.75 -4.818 -19.503 
3 16 -6.051 7.363 -27.25 -6.051 7.363 -22.75 6.051 7.363 -27.25 
3 16 -6.051 7.363 -22.75 6.051 7.381 -22.75 6.051 7.363 -27.25 
3 16 -6.051 -0.509 -27.25 -2.115 3.427 -27.25 6.051 -0.509 -27.25 
3 16 6.051 -0.509 -27.25 -2.115 3.427 -27.25 2.115 3.427 -27.25 
3 16 -2.115 3.427 -27.25 -6.051 7.363 -27.25 2.115 3.427 -27.25 
3 16 2.115 3.427 -27.25 -6.051 7.363 -27.25 6.051 7.363 -27.25 
3 16 6.051 -0.509 -27.25 6.051 -0.518 -22.75 -6.051 -0.509 -27.25 
3 16 6.051 -0.518 -22.75 -6.051 -0.509 -22.75 -6.051 -0.509 -27.25 
3 16 -6 5.682 -27.25 -6 3.432 -27.25 -7.125 5.38 -27.25 
3 16 -4.875 5.38 -27.25 -6 3.432 -27.25 -6 5.682 -27.25 
3 16 -4.051 4.557 -27.25 -6 3.432 -27.25 -4.875 5.38 -27.25 
3 16 -3.75 3.432 -27.25 -6 3.432 -27.25 -4.051 4.557 -27.25 
3 16 -4.051 2.307 -27.25 -6 3.432 -27.25 -3.75 3.432 -27.25 
3 16 -4.875 1.483 -27.25 -6 3.432 -27.25 -4.051 2.307 -27.25 
3 16 -6 1.182 -27.25 -6 3.432 -27.25 -4.875 1.483 -27.25 
3 16 -7.125 1.483 -27.25 -6 3.432 -27.25 -6 1.182 -27.25 
3 16 -7.949 2.307 -27.25 -6 3.432 -27.25 -7.125 1.483 -27.25 
3 16 -8.25 3.432 -27.25 -6 3.432 -27.25 -7.949 2.307 -27.25 
3 16 -7.949 4.557 -27.25 -6 3.432 -27.25 -8.25 3.432 -27.25 
3 16 -7.125 5.38 -27.25 -6 3.432 -27.25 -7.949 4.557 -27.25 
3 16 -6 5.682 -30 -6 5.682 -27.25 -7.125 5.38 -30 
3 16 -7.125 5.38 -30 -6 5.682 -27.25 -7.125 5.38 -27.25 
3 16 -4.875 5.38 -30 -4.875 5.38 -27.25 -6 5.682 -30 
3 16 -6 5.682 -30 -4.875 5.38 -27.25 -6 5.682 -27.25 
3 16 -4.051 4.557 -30 -4.051 4.557 -27.25 -4.875 5.38 -30 
3 16 -4.875 5.38 -30 -4.051 4.557 -27.25 -4.875 5.38 -27.25 
3 16 -3.75 3.432 -30 -3.75 3.432 -27.25 -4.051 4.557 -30 
3 16 -4.051 4.557 -30 -3.75 3.432 -27.25 -4.051 4.557 -27.25 
3 16 -4.051 2.307 -30 -4.051 2.307 -27.25 -3.75 3.432 -30 
3 16 -3.75 3.432 -30 -4.051 2.307 -27.25 -3.75 3.432 -27.25 
3 16 -4.875 1.483 -30 -4.875 1.483 -27.25 -4.051 2.307 -30 
3 16 -4.051 2.307 -30 -4.875 1.483 -27.25 -4.051 2.307 -27.25 
3 16 -6 1.182 -30 -6 1.182 -27.25 -4.875 1.483 -30 
3 16 -4.875 1.483 -30 -6 1.182 -27.25 -4.875 1.483 -27.25 
3 16 -7.125 1.483 -30 -7.125 1.483 -27.25 -6 1.182 -30 
3 16 -6 1.182 -30 -7.125 1.483 -27.25 -6 1.182 -27.25 
3 16 -7.949 2.307 -30 -7.949 2.307 -27.25 -7.125 1.483 -30 
3 16 -7.125 1.483 -30 -7.949 2.307 -27.25 -7.125 1.483 -27.25 
3 16 -8.25 3.432 -30 -8.25 3.432 -27.25 -7.949 2.307 -30 
3 16 -7.949 2.307 -30 -8.25 3.432 -27.25 -7.949 2.307 -27.25 
3 16 -7.949 4.557 -30 -7.949 4.557 -27.25 -8.25 3.432 -30 
3 16 -8.25 3.432 -30 -7.949 4.557 -27.25 -8.25 3.432 -27.25 
3 16 -7.125 5.38 -30 -7.125 5.38 -27.25 -7.949 4.557 -30 
3 16 -7.949 4.557 -30 -7.125 5.38 -27.25 -7.949 4.557 -27.25 
3 16 -9.987 3.427 -30 -8.25 3.432 -30 -9.459 1.459 -30 
3 16 -7.949 2.307 -30 -9.459 1.459 -30 -8.25 3.432 -30 
3 16 -9.459 5.395 -30 -7.949 4.557 -30 -9.987 3.427 -30 
3 16 -8.25 3.432 -30 -9.987 3.427 -30 -7.949 4.557 -30 
3 16 -8.019 6.836 -30 -7.125 5.38 -30 -9.459 5.395 -30 
3 16 -7.949 4.557 -30 -9.459 5.395 -30 -7.125 5.38 -30 
3 16 -6.051 7.363 -30 -6 5.682 -30 -8.019 6.836 -30 
3 16 -7.125 5.38 -30 -8.019 6.836 -30 -6 5.682 -30 
3 16 -4.083 6.836 -30 -4.875 5.38 -30 -6.051 7.363 -30 
3 16 -6 5.682 -30 -6.051 7.363 -30 -4.875 5.38 -30 
3 16 -2.642 5.395 -30 -4.051 4.557 -30 -4.083 6.836 -30 
3 16 -4.875 5.38 -30 -4.083 6.836 -30 -4.051 4.557 -30 
3 16 -2.115 3.427 -30 -3.75 3.432 -30 -2.642 5.395 -30 
3 16 -4.051 4.557 -30 -2.642 5.395 -30 -3.75 3.432 -30 
3 16 -2.642 1.459 -30 -4.051 2.307 -30 -2.115 3.427 -30 
3 16 -3.75 3.432 -30 -2.115 3.427 -30 -4.051 2.307 -30 
3 16 -4.083 0.019 -30 -4.875 1.483 -30 -2.642 1.459 -30 
3 16 -4.051 2.307 -30 -2.642 1.459 -30 -4.875 1.483 -30 
3 16 -6.051 -0.509 -30 -6 1.182 -30 -4.083 0.019 -30 
3 16 -4.875 1.483 -30 -4.083 0.019 -30 -6 1.182 -30 
3 16 -8.019 0.019 -30 -7.125 1.483 -30 -6.051 -0.509 -30 
3 16 -6 1.182 -30 -6.051 -0.509 -30 -7.125 1.483 -30 
3 16 -9.459 1.459 -30 -7.949 2.307 -30 -8.019 0.019 -30 
3 16 -7.125 1.483 -30 -8.019 0.019 -30 -7.949 2.307 -30 
3 16 -9.987 3.427 -22.75 -9.987 3.427 -30 -9.459 1.459 -22.75 
3 16 -9.459 1.459 -22.75 -9.987 3.427 -30 -9.459 1.459 -30 
3 16 -9.459 5.395 -22.75 -9.459 5.395 -30 -9.987 3.427 -22.75 
3 16 -9.987 3.427 -22.75 -9.459 5.395 -30 -9.987 3.427 -30 
3 16 -8.019 6.836 -22.75 -8.019 6.836 -30 -9.459 5.395 -22.75 
3 16 -9.459 5.395 -22.75 -8.019 6.836 -30 -9.459 5.395 -30 
3 16 -6.051 7.363 -22.75 -6.051 7.363 -27.25 -8.019 6.836 -22.75 
3 16 -6.051 7.363 -27.25 -8.019 6.836 -30 -8.019 6.836 -22.75 
3 16 -8.019 6.836 -30 -6.051 7.363 -27.25 -6.051 7.363 -30 
3 16 -4.083 6.836 -27.25 -4.083 6.836 -30 -6.051 7.363 -27.25 
3 16 -6.051 7.363 -27.25 -4.083 6.836 -30 -6.051 7.363 -30 
3 16 -2.642 5.395 -27.25 -2.642 5.395 -30 -4.083 6.836 -27.25 
3 16 -4.083 6.836 -27.25 -2.642 5.395 -30 -4.083 6.836 -30 
3 16 -2.115 3.427 -27.25 -2.115 3.427 -30 -2.642 5.395 -27.25 
3 16 -2.642 5.395 -27.25 -2.115 3.427 -30 -2.642 5.395 -30 
3 16 -2.642 1.459 -27.25 -2.642 1.459 -30 -2.115 3.427 -27.25 
3 16 -2.115 3.427 -27.25 -2.642 1.459 -30 -2.115 3.427 -30 
3 16 -4.083 0.019 -27.25 -4.083 0.019 -30 -2.642 1.459 -27.25 
3 16 -2.642 1.459 -27.25 -4.083 0.019 -30 -2.642 1.459 -30 
3 16 -8.019 0.019 -30 -6.051 -0.509 -27.25 -8.019 0.019 -22.75 
3 16 -8.019 0.019 -22.75 -6.051 -0.509 -27.25 -6.051 -0.509 -22.75 
3 16 -6.051 -0.509 -27.25 -8.019 0.019 -30 -6.051 -0.509 -30 
3 16 -9.459 1.459 -22.75 -9.459 1.459 -30 -8.019 0.019 -22.75 
3 16 -8.019 0.019 -22.75 -9.459 1.459 -30 -8.019 0.019 -30 
3 16 -6.051 -0.509 -27.25 -6.051 -0.509 -30 -4.083 0.019 -27.25 
3 16 -4.083 0.019 -27.25 -6.051 -0.509 -30 -4.083 0.019 -30 
3 16 6 5.682 -27.25 7.125 5.38 -27.25 6 3.432 -27.25 
3 16 4.875 5.38 -27.25 6 5.682 -27.25 6 3.432 -27.25 
3 16 4.051 4.557 -27.25 4.875 5.38 -27.25 6 3.432 -27.25 
3 16 3.75 3.432 -27.25 4.051 4.557 -27.25 6 3.432 -27.25 
3 16 4.051 2.307 -27.25 3.75 3.432 -27.25 6 3.432 -27.25 
3 16 4.875 1.483 -27.25 4.051 2.307 -27.25 6 3.432 -27.25 
3 16 6 1.182 -27.25 4.875 1.483 -27.25 6 3.432 -27.25 
3 16 7.125 1.483 -27.25 6 1.182 -27.25 6 3.432 -27.25 
3 16 7.949 2.307 -27.25 7.125 1.483 -27.25 6 3.432 -27.25 
3 16 8.25 3.432 -27.25 7.949 2.307 -27.25 6 3.432 -27.25 
3 16 7.949 4.557 -27.25 8.25 3.432 -27.25 6 3.432 -27.25 
3 16 7.125 5.38 -27.25 7.949 4.557 -27.25 6 3.432 -27.25 
3 16 6 5.682 -30 7.125 5.38 -30 6 5.682 -27.25 
3 16 7.125 5.38 -30 7.125 5.38 -27.25 6 5.682 -27.25 
3 16 4.875 5.38 -30 6 5.682 -30 4.875 5.38 -27.25 
3 16 6 5.682 -30 6 5.682 -27.25 4.875 5.38 -27.25 
3 16 4.051 4.557 -30 4.875 5.38 -30 4.051 4.557 -27.25 
3 16 4.875 5.38 -30 4.875 5.38 -27.25 4.051 4.557 -27.25 
3 16 3.75 3.432 -30 4.051 4.557 -30 3.75 3.432 -27.25 
3 16 4.051 4.557 -30 4.051 4.557 -27.25 3.75 3.432 -27.25 
3 16 4.051 2.307 -30 3.75 3.432 -30 4.051 2.307 -27.25 
3 16 3.75 3.432 -30 3.75 3.432 -27.25 4.051 2.307 -27.25 
3 16 4.875 1.483 -30 4.051 2.307 -30 4.875 1.483 -27.25 
3 16 4.051 2.307 -30 4.051 2.307 -27.25 4.875 1.483 -27.25 
3 16 6 1.182 -30 4.875 1.483 -30 6 1.182 -27.25 
3 16 4.875 1.483 -30 4.875 1.483 -27.25 6 1.182 -27.25 
3 16 7.125 1.483 -30 6 1.182 -30 7.125 1.483 -27.25 
3 16 6 1.182 -30 6 1.182 -27.25 7.125 1.483 -27.25 
3 16 7.949 2.307 -30 7.125 1.483 -30 7.949 2.307 -27.25 
3 16 7.125 1.483 -30 7.125 1.483 -27.25 7.949 2.307 -27.25 
3 16 8.25 3.432 -30 7.949 2.307 -30 8.25 3.432 -27.25 
3 16 7.949 2.307 -30 7.949 2.307 -27.25 8.25 3.432 -27.25 
3 16 7.949 4.557 -30 8.25 3.432 -30 7.949 4.557 -27.25 
3 16 8.25 3.432 -30 8.25 3.432 -27.25 7.949 4.557 -27.25 
3 16 7.125 5.38 -30 7.949 4.557 -30 7.125 5.38 -27.25 
3 16 7.949 4.557 -30 7.949 4.557 -27.25 7.125 5.38 -27.25 
3 16 9.987 3.427 -30 9.459 1.459 -30 8.25 3.432 -30 
3 16 7.949 2.307 -30 8.25 3.432 -30 9.459 1.459 -30 
3 16 9.459 5.395 -30 9.987 3.427 -30 7.949 4.557 -30 
3 16 8.25 3.432 -30 7.949 4.557 -30 9.987 3.427 -30 
3 16 8.019 6.836 -30 9.459 5.395 -30 7.125 5.38 -30 
3 16 7.949 4.557 -30 7.125 5.38 -30 9.459 5.395 -30 
3 16 6.051 7.363 -30 8.019 6.836 -30 6 5.682 -30 
3 16 7.125 5.38 -30 6 5.682 -30 8.019 6.836 -30 
3 16 4.083 6.836 -30 6.051 7.363 -30 4.875 5.38 -30 
3 16 6 5.682 -30 4.875 5.38 -30 6.051 7.363 -30 
3 16 2.642 5.395 -30 4.083 6.836 -30 4.051 4.557 -30 
3 16 4.875 5.38 -30 4.051 4.557 -30 4.083 6.836 -30 
3 16 2.115 3.427 -30 2.642 5.395 -30 3.75 3.432 -30 
3 16 4.051 4.557 -30 3.75 3.432 -30 2.642 5.395 -30 
3 16 2.642 1.459 -30 2.115 3.427 -30 4.051 2.307 -30 
3 16 3.75 3.432 -30 4.051 2.307 -30 2.115 3.427 -30 
3 16 4.083 0.019 -30 2.642 1.459 -30 4.875 1.483 -30 
3 16 4.051 2.307 -30 4.875 1.483 -30 2.642 1.459 -30 
3 16 6.051 -0.509 -30 4.083 0.019 -30 6 1.182 -30 
3 16 4.875 1.483 -30 6 1.182 -30 4.083 0.019 -30 
3 16 8.019 0.019 -30 6.051 -0.509 -30 7.125 1.483 -30 
3 16 6 1.182 -30 7.125 1.483 -30 6.051 -0.509 -30 
3 16 9.459 1.459 -30 8.019 0.019 -30 7.949 2.307 -30 
3 16 7.125 1.483 -30 7.949 2.307 -30 8.019 0.019 -30 
3 16 9.459 1.459 -22.75 9.987 3.427 -22.75 6 3.432 -22.75 
3 16 9.987 3.427 -22.75 9.459 5.395 -22.75 6 3.432 -22.75 
3 16 9.459 5.395 -22.75 8.019 6.836 -22.75 6 3.432 -22.75 
3 16 8.019 6.836 -22.75 6.051 7.363 -22.75 6 3.432 -22.75 
3 16 6.051 -0.509 -22.75 8.019 0.019 -22.75 6 3.432 -22.75 
3 16 8.019 0.019 -22.75 9.459 1.459 -22.75 6 3.432 -22.75 
3 16 9.987 3.427 -22.75 9.459 1.459 -22.75 9.987 3.427 -30 
3 16 9.459 1.459 -22.75 9.459 1.459 -30 9.987 3.427 -30 
3 16 9.459 5.395 -22.75 9.987 3.427 -22.75 9.459 5.395 -30 
3 16 9.987 3.427 -22.75 9.987 3.427 -30 9.459 5.395 -30 
3 16 8.019 6.836 -22.75 9.459 5.395 -22.75 8.019 6.836 -30 
3 16 9.459 5.395 -22.75 9.459 5.395 -30 8.019 6.836 -30 
3 16 6.051 7.363 -22.75 8.019 6.836 -22.75 6.051 7.363 -27.25 
3 16 6.051 7.363 -27.25 8.019 6.836 -22.75 8.019 6.836 -30 
3 16 8.019 6.836 -30 6.051 7.363 -30 6.051 7.363 -27.25 
3 16 4.083 6.836 -27.25 6.051 7.363 -27.25 4.083 6.836 -30 
3 16 6.051 7.363 -27.25 6.051 7.363 -30 4.083 6.836 -30 
3 16 2.642 5.395 -27.25 4.083 6.836 -27.25 2.642 5.395 -30 
3 16 4.083 6.836 -27.25 4.083 6.836 -30 2.642 5.395 -30 
3 16 2.115 3.427 -27.25 2.642 5.395 -27.25 2.115 3.427 -30 
3 16 2.642 5.395 -27.25 2.642 5.395 -30 2.115 3.427 -30 
3 16 2.642 1.459 -27.25 2.115 3.427 -27.25 2.642 1.459 -30 
3 16 2.115 3.427 -27.25 2.115 3.427 -30 2.642 1.459 -30 
3 16 4.083 0.019 -27.25 2.642 1.459 -27.25 4.083 0.019 -30 
3 16 2.642 1.459 -27.25 2.642 1.459 -30 4.083 0.019 -30 
3 16 8.019 0.019 -30 8.019 0.019 -22.75 6.051 -0.509 -27.25 
3 16 8.019 0.019 -22.75 6.051 -0.509 -22.75 6.051 -0.509 -27.25 
3 16 6.051 -0.509 -27.25 6.051 -0.509 -30 8.019 0.019 -30 
3 16 9.459 1.459 -22.75 8.019 0.019 -22.75 9.459 1.459 -30 
3 16 8.019 0.019 -22.75 8.019 0.019 -30 9.459 1.459 -30 
3 16 6.051 -0.509 -27.25 4.083 0.019 -27.25 6.051 -0.509 -30 
3 16 4.083 0.019 -27.25 4.083 0.019 -30 6.051 -0.509 -30 
3 16 -5.875 9.557 -18.877 -5.875 9.557 -22.75 -8.47 8.98 -17.67 
3 16 -8.47 8.98 -17.67 -5.875 9.557 -22.75 -8.937 8.736 -22.75 
3 16 -8.47 8.98 -17.67 -8.937 8.736 -22.75 -11.17 6.453 -15.399 
3 16 -11.17 6.453 -15.399 -8.937 8.736 -22.75 -11.179 6.494 -22.75 
3 16 -11.17 6.453 -15.399 -11.179 6.494 -22.75 -11.99 3.386 -14.685 
3 16 -12 3.432 -22.75 -11.99 3.386 -14.685 -11.179 6.494 -22.75 
3 16 -11.99 3.386 -14.685 -12 3.432 -22.75 -11.17 0.328 -15.395 
3 16 -12 3.432 -22.75 -11.179 0.369 -22.75 -11.17 0.328 -15.395 
3 16 -11.17 0.328 -15.395 -11.179 0.369 -22.75 -8.931 -1.903 -17.43 
3 16 -11.179 0.369 -22.75 -8.938 -1.873 -22.75 -8.931 -1.903 -17.43 
3 16 -8.931 -1.903 -17.43 -8.938 -1.873 -22.75 -5.875 -2.693 -18.663 
3 16 -8.938 -1.873 -22.75 -5.875 -2.693 -22.75 -5.875 -2.693 -18.663 
3 16 -5.875 9.557 -18.877 -3.917 9.557 -16.624 -5.875 9.557 -22.75 
3 16 -5.875 -2.693 -18.663 -5.875 -2.693 -22.75 -3.75 -2.693 -19.503 
3 16 -5.875 -2.693 -22.75 -3.75 -2.693 -22.75 -3.75 -2.693 -19.503 
3 16 -3.75 -2.693 -22.75 -5.875 -2.693 -22.75 0 7.381 -22.75 
3 16 -5.875 -2.693 -22.75 -5.875 9.557 -22.75 0 7.381 -22.75 
3 16 -5.875 -2.693 -22.75 -8.938 -1.873 -22.75 -5.875 9.557 -22.75 
3 16 -8.937 8.736 -22.75 -5.875 9.557 -22.75 -8.938 -1.873 -22.75 
3 16 -11.179 0.369 -22.75 -11.179 6.494 -22.75 -8.937 8.736 -22.75 
3 16 -11.179 6.494 -22.75 -11.179 0.369 -22.75 -12 3.432 -22.75 
3 16 -8.937 8.736 -22.75 -8.938 -1.873 -22.75 -11.179 0.369 -22.75 
3 16 5.875 9.557 -18.877 8.47 8.98 -17.67 5.875 9.557 -22.75 
3 16 8.47 8.98 -17.67 8.937 8.736 -22.75 5.875 9.557 -22.75 
3 16 8.47 8.98 -17.67 11.17 6.453 -15.399 8.937 8.736 -22.75 
3 16 11.17 6.453 -15.399 11.179 6.494 -22.75 8.937 8.736 -22.75 
3 16 11.17 6.453 -15.399 11.99 3.386 -14.685 11.179 6.494 -22.75 
3 16 12 3.432 -22.75 11.179 6.494 -22.75 11.99 3.386 -14.685 
3 16 11.99 3.386 -14.685 11.17 0.328 -15.395 12 3.432 -22.75 
3 16 12 3.432 -22.75 11.17 0.328 -15.395 11.179 0.369 -22.75 
3 16 11.17 0.328 -15.395 8.931 -1.903 -17.43 11.179 0.369 -22.75 
3 16 11.179 0.369 -22.75 8.931 -1.903 -17.43 8.938 -1.873 -22.75 
3 16 8.931 -1.903 -17.43 5.875 -2.693 -18.663 8.938 -1.873 -22.75 
3 16 8.938 -1.873 -22.75 5.875 -2.693 -18.663 5.875 -2.693 -22.75 
3 16 5.875 9.557 -18.877 5.875 9.557 -22.75 3.917 9.557 -16.624 
3 16 3.917 9.557 -16.624 5.875 9.557 -22.75 0 9.557 -17.109 
3 16 0 9.557 -17.109 5.875 9.557 -22.75 -5.875 9.557 -22.75 
3 16 0 9.557 -17.109 -5.875 9.557 -22.75 -3.917 9.557 -16.624 
3 16 5.875 -2.693 -18.663 3.75 -2.693 -19.503 5.875 -2.693 -22.75 
3 16 5.875 -2.693 -22.75 3.75 -2.693 -19.503 3.75 -2.693 -22.75 
3 16 -5.875 9.557 -22.75 5.875 9.557 -22.75 0 7.381 -22.75 
3 16 3.75 -2.693 -22.75 0 7.381 -22.75 5.875 -2.693 -22.75 
3 16 5.875 -2.693 -22.75 0 7.381 -22.75 5.875 9.557 -22.75 
3 16 5.875 -2.693 -22.75 5.875 9.557 -22.75 8.938 -1.873 -22.75 
3 16 8.937 8.736 -22.75 8.938 -1.873 -22.75 5.875 9.557 -22.75 
3 16 11.179 0.369 -22.75 8.937 8.736 -22.75 11.179 6.494 -22.75 
3 16 11.179 6.494 -22.75 12 3.432 -22.75 11.179 0.369 -22.75 
3 16 8.937 8.736 -22.75 11.179 0.369 -22.75 8.938 -1.873 -22.75 
3 16 18.987 0.057 -2.792 18.983 1.274 -2.466 18.983 0.057 -0.358 
3 16 18.983 1.274 -2.466 18.983 2.165 -1.575 18.983 0.057 -0.358 
3 16 18.983 2.165 -1.575 18.987 2.491 -0.358 18.983 0.057 -0.358 
3 16 18.784 1.528 -2.905 18.312 1.648 -3.115 18.784 2.604 -1.828 
3 16 18.784 2.604 -1.828 18.784 2.999 -0.358 18.987 2.491 -0.358 
3 16 18.312 2.814 -1.949 18.312 3.24 -0.358 18.784 2.999 -0.358 
3 16 18.312 1.648 -3.115 18.312 2.814 -1.949 18.784 2.604 -1.828 
3 16 18.784 2.604 -1.828 18.312 2.814 -1.949 18.784 2.999 -0.358 
3 16 18.987 2.491 -0.358 18.983 2.165 -1.575 18.784 2.604 -1.828 
3 16 18.784 2.604 -1.828 18.983 2.165 -1.575 18.784 1.528 -2.905 
3 16 18.784 0.057 -3.299 18.312 0.057 -3.541 18.784 1.528 -2.905 
3 16 18.312 0.057 -3.541 18.312 1.648 -3.115 18.784 1.528 -2.905 
3 16 18.987 0.057 -2.792 18.784 0.057 -3.299 18.983 1.274 -2.466 
3 16 18.784 1.528 -2.905 18.983 1.274 -2.466 18.784 0.057 -3.299 
3 16 18.983 1.274 -2.466 18.784 1.528 -2.905 18.983 2.165 -1.575 
3 16 18.987 2.491 -0.358 18.983 2.165 0.86 18.983 0.057 -0.358 
3 16 18.983 2.165 0.86 18.983 1.274 1.751 18.983 0.057 -0.358 
3 16 18.983 1.274 1.751 18.987 0.057 2.077 18.983 0.057 -0.358 
3 16 18.784 2.604 1.113 18.312 2.814 1.234 18.784 1.528 2.19 
3 16 18.784 1.528 2.19 18.784 0.057 2.584 18.987 0.057 2.077 
3 16 18.312 1.648 2.4 18.312 0.057 2.826 18.784 0.057 2.584 
3 16 18.312 2.814 1.234 18.312 1.648 2.4 18.784 1.528 2.19 
3 16 18.784 1.528 2.19 18.312 1.648 2.4 18.784 0.057 2.584 
3 16 18.987 0.057 2.077 18.983 1.274 1.751 18.784 1.528 2.19 
3 16 18.784 1.528 2.19 18.983 1.274 1.751 18.784 2.604 1.113 
3 16 18.784 2.999 -0.358 18.312 3.24 -0.358 18.784 2.604 1.113 
3 16 18.312 3.24 -0.358 18.312 2.814 1.234 18.784 2.604 1.113 
3 16 18.987 2.491 -0.358 18.784 2.999 -0.358 18.983 2.165 0.86 
3 16 18.784 2.604 1.113 18.983 2.165 0.86 18.784 2.999 -0.358 
3 16 18.983 2.165 0.86 18.784 2.604 1.113 18.983 1.274 1.751 
3 16 18.987 0.057 2.077 18.983 -1.161 1.751 18.983 0.057 -0.358 
3 16 18.983 -1.161 1.751 18.983 -2.052 0.86 18.983 0.057 -0.358 
3 16 18.983 -2.052 0.86 18.987 -2.378 -0.358 18.983 0.057 -0.358 
3 16 18.784 -1.414 2.19 18.312 -1.535 2.4 18.784 -2.491 1.113 
3 16 18.784 -2.491 1.113 18.784 -2.885 -0.358 18.987 -2.378 -0.358 
3 16 18.312 -2.701 1.234 18.312 -3.127 -0.358 18.784 -2.885 -0.358 
3 16 18.312 -1.535 2.4 18.312 -2.701 1.234 18.784 -2.491 1.113 
3 16 18.784 -2.491 1.113 18.312 -2.701 1.234 18.784 -2.885 -0.358 
3 16 18.987 -2.378 -0.358 18.983 -2.052 0.86 18.784 -2.491 1.113 
3 16 18.784 -2.491 1.113 18.983 -2.052 0.86 18.784 -1.414 2.19 
3 16 18.784 0.057 2.584 18.312 0.057 2.826 18.784 -1.414 2.19 
3 16 18.312 0.057 2.826 18.312 -1.535 2.4 18.784 -1.414 2.19 
3 16 18.987 0.057 2.077 18.784 0.057 2.584 18.983 -1.161 1.751 
3 16 18.784 -1.414 2.19 18.983 -1.161 1.751 18.784 0.057 2.584 
3 16 18.983 -1.161 1.751 18.784 -1.414 2.19 18.983 -2.052 0.86 
3 16 18.987 -2.378 -0.358 18.983 -2.052 -1.575 18.983 0.057 -0.358 
3 16 18.983 -2.052 -1.575 18.983 -1.161 -2.466 18.983 0.057 -0.358 
3 16 18.983 -1.161 -2.466 18.987 0.057 -2.792 18.983 0.057 -0.358 
3 16 18.784 -2.491 -1.828 18.312 -2.701 -1.949 18.784 -1.414 -2.905 
3 16 18.784 -1.414 -2.905 18.784 0.057 -3.299 18.987 0.057 -2.792 
3 16 18.312 -1.535 -3.115 18.312 0.057 -3.541 18.784 0.057 -3.299 
3 16 18.312 -2.701 -1.949 18.312 -1.535 -3.115 18.784 -1.414 -2.905 
3 16 18.784 -1.414 -2.905 18.312 -1.535 -3.115 18.784 0.057 -3.299 
3 16 18.987 0.057 -2.792 18.983 -1.161 -2.466 18.784 -1.414 -2.905 
3 16 18.784 -1.414 -2.905 18.983 -1.161 -2.466 18.784 -2.491 -1.828 
3 16 18.784 -2.885 -0.358 18.312 -3.127 -0.358 18.784 -2.491 -1.828 
3 16 18.312 -3.127 -0.358 18.312 -2.701 -1.949 18.784 -2.491 -1.828 
3 16 18.987 -2.378 -0.358 18.784 -2.885 -0.358 18.983 -2.052 -1.575 
3 16 18.784 -2.491 -1.828 18.983 -2.052 -1.575 18.784 -2.885 -0.358 
3 16 18.983 -2.052 -1.575 18.784 -2.491 -1.828 18.983 -1.161 -2.466 
3 16 13.404 0 -1.127 13.404 -0.797 -0.797 13.062 0 0 
3 16 13.404 0 -1.127 14.312 0 -1.875 13.404 -0.797 -0.797 
3 16 13.404 -1.127 0 14.312 -1.326 -1.326 14.312 -1.875 0 
3 16 13.404 -0.797 -0.797 14.312 0 -1.875 14.312 -1.326 -1.326 
3 16 13.404 -0.797 -0.797 13.404 -1.127 0 13.062 0 0 
3 16 13.404 -0.797 -0.797 14.312 -1.326 -1.326 13.404 -1.127 0 
3 16 13.404 1.127 0 13.404 0.797 -0.797 13.062 0 0 
3 16 13.404 1.127 0 14.312 1.875 0 13.404 0.797 -0.797 
3 16 13.404 0 -1.127 14.312 1.326 -1.326 14.312 0 -1.875 
3 16 13.404 0.797 -0.797 14.312 1.875 0 14.312 1.326 -1.326 
3 16 13.404 0.797 -0.797 13.404 0 -1.127 13.062 0 0 
3 16 13.404 0.797 -0.797 14.312 1.326 -1.326 13.404 0 -1.127 
3 16 13.404 0 1.127 13.404 0.797 0.797 13.062 0 0 
3 16 13.404 0 1.127 14.312 0 1.875 13.404 0.797 0.797 
3 16 13.404 1.127 0 14.312 1.326 1.326 14.312 1.875 0 
3 16 13.404 0.797 0.797 14.312 0 1.875 14.312 1.326 1.326 
3 16 13.404 0.797 0.797 13.404 1.127 0 13.062 0 0 
3 16 13.404 0.797 0.797 14.312 1.326 1.326 13.404 1.127 0 
3 16 13.404 -1.127 0 13.404 -0.797 0.797 13.062 0 0 
3 16 13.404 -1.127 0 14.312 -1.875 0 13.404 -0.797 0.797 
3 16 13.404 0 1.127 14.312 -1.326 1.326 14.312 0 1.875 
3 16 13.404 -0.797 0.797 14.312 -1.875 0 14.312 -1.326 1.326 
3 16 13.404 -0.797 0.797 13.404 0 1.127 13.062 0 0 
3 16 13.404 -0.797 0.797 14.312 -1.326 1.326 13.404 0 1.127 
3 16 -13.404 0 -1.127 -13.062 0 0 -13.404 -0.797 -0.797 
3 16 -13.404 0 -1.127 -13.404 -0.797 -0.797 -14.312 0 -1.875 
3 16 -13.404 -1.127 0 -14.312 -1.875 0 -14.312 -1.326 -1.326 
3 16 -13.404 -0.797 -0.797 -14.312 -1.326 -1.326 -14.312 0 -1.875 
3 16 -13.404 -0.797 -0.797 -13.062 0 0 -13.404 -1.127 0 
3 16 -13.404 -0.797 -0.797 -13.404 -1.127 0 -14.312 -1.326 -1.326 
3 16 -13.404 1.127 0 -13.062 0 0 -13.404 0.797 -0.797 
3 16 -13.404 1.127 0 -13.404 0.797 -0.797 -14.312 1.875 0 
3 16 -13.404 0 -1.127 -14.312 0 -1.875 -14.312 1.326 -1.326 
3 16 -13.404 0.797 -0.797 -14.312 1.326 -1.326 -14.312 1.875 0 
3 16 -13.404 0.797 -0.797 -13.062 0 0 -13.404 0 -1.127 
3 16 -13.404 0.797 -0.797 -13.404 0 -1.127 -14.312 1.326 -1.326 
3 16 -13.404 0 1.127 -13.062 0 0 -13.404 0.797 0.797 
3 16 -13.404 0 1.127 -13.404 0.797 0.797 -14.312 0 1.875 
3 16 -13.404 1.127 0 -14.312 1.875 0 -14.312 1.326 1.326 
3 16 -13.404 0.797 0.797 -14.312 1.326 1.326 -14.312 0 1.875 
3 16 -13.404 0.797 0.797 -13.062 0 0 -13.404 1.127 0 
3 16 -13.404 0.797 0.797 -13.404 1.127 0 -14.312 1.326 1.326 
3 16 -13.404 -1.127 0 -13.062 0 0 -13.404 -0.797 0.797 
3 16 -13.404 -1.127 0 -13.404 -0.797 0.797 -14.312 -1.875 0 
3 16 -13.404 0 1.127 -14.312 0 1.875 -14.312 -1.326 1.326 
3 16 -13.404 -0.797 0.797 -14.312 -1.326 1.326 -14.312 -1.875 0 
3 16 -13.404 -0.797 0.797 -13.062 0 0 -13.404 0 1.127 
3 16 -13.404 -0.797 0.797 -13.404 0 1.127 -14.312 -1.326 1.326 
2 24 -18.312 3.24 -0.358 -18.312 2.814 -1.949 
2 24 -18.312 2.814 -1.949 -18.312 1.648 -3.115 
2 24 -18.312 1.648 -3.115 -18.312 0.057 -3.541 
2 24 -18.312 0.057 2.826 -18.312 1.648 2.4 
2 24 -18.312 1.648 2.4 -18.312 2.814 1.234 
2 24 -18.312 2.814 1.234 -18.312 3.24 -0.358 
2 24 -18.312 -3.127 -0.358 -18.312 -2.701 1.234 
2 24 -18.312 -2.701 1.234 -18.312 -1.535 2.4 
2 24 -18.312 -1.535 2.4 -18.312 0.057 2.826 
2 24 -18.312 0.057 -3.541 -18.312 -1.535 -3.115 
2 24 -18.312 -1.535 -3.115 -18.312 -2.701 -1.949 
2 24 -18.312 -2.701 -1.949 -18.312 -3.127 -0.358 
2 24 -18.312 4.254 0.307 -18.312 3.062 2.648 
2 24 -17.062 3.062 2.648 -17.063 4.254 0.307 
2 24 -18.312 3.062 2.648 -18.312 0.721 3.84 
2 24 -17.063 0.721 3.84 -17.062 3.062 2.648 
2 24 -18.312 0.721 3.84 -18.312 -1.873 3.429 
2 24 -17.062 -1.873 3.429 -17.063 0.721 3.84 
2 24 -18.312 -1.873 3.429 -18.312 -3.73 1.572 
2 24 -17.062 -3.73 1.572 -17.062 -1.873 3.429 
2 24 -18.312 -3.73 1.572 -18.312 -4.141 -1.022 
2 24 -17.062 -4.141 -1.022 -17.062 -3.73 1.572 
2 24 -17.063 4.254 0.307 -17.062 4.756 -2.858 
2 24 -18.312 4.756 -2.858 -18.312 4.254 0.307 
2 24 -17.724 5.019 -4.518 -18.251 4.994 -4.361 
2 24 -18.251 4.994 -4.361 -18.312 4.756 -2.858 
2 24 -17.761 5.462 -7.318 -17.313 5.412 -7 
2 24 -16.745 5.712 -8.898 -17.294 5.709 -8.878 
2 24 -17.294 5.709 -8.878 -17.761 5.462 -7.318 
2 24 -17.434 5.093 -4.985 -17.724 5.019 -4.518 
2 24 -17.313 5.412 -7 -17.189 5.327 -6.465 
2 24 -17.189 5.327 -6.465 -17.434 5.093 -4.985 
2 24 -17.062 4.756 -2.858 -16.039 5.679 -8.689 
2 24 -16.348 5.772 -9.278 -16.745 5.712 -8.898 
2 24 -16.039 5.679 -8.689 -14.447 6.193 -11.935 
2 24 -15.74 5.99 -10.649 -16.348 5.772 -9.278 
2 24 -15.726 6.077 -11.199 -15.74 5.99 -10.649 
2 24 -16.081 6.143 -11.619 -15.726 6.077 -11.199 
2 24 -14.702 6.345 -12.894 -15.239 6.364 -13.012 
2 24 -15.239 6.364 -13.012 -16.081 6.143 -11.619 
2 24 -13.291 6.574 -14.338 -14.222 6.388 -13.162 
2 24 -14.447 6.193 -11.935 -13.103 6.487 -13.789 
2 24 -14.222 6.388 -13.162 -14.702 6.345 -12.894 
2 24 -13.103 6.487 -13.789 -10.799 6.795 -15.736 
2 24 -13.14 6.658 -14.867 -13.291 6.574 -14.338 
2 24 -11.607 6.999 -17.021 -13.378 6.736 -15.362 
2 24 -13.378 6.736 -15.362 -13.14 6.658 -14.867 
2 24 -10.799 6.795 -15.736 -10.495 7.135 -17.881 
2 24 -10.495 7.135 -17.881 -11.607 6.999 -17.021 
2 24 -18.312 -3.85 -2.858 -18.312 -4.141 -1.022 
2 24 -18.251 4.994 -4.361 -18.251 -3.612 -4.361 
2 24 -18.251 -3.612 -4.361 -18.312 -3.85 -2.858 
2 24 -17.724 -3.587 -4.518 -18.251 -3.612 -4.361 
2 24 -17.434 -3.513 -4.985 -17.724 -3.587 -4.518 
2 24 -17.062 -3.85 -2.858 -17.062 -4.141 -1.022 
2 24 -17.294 -2.897 -8.878 -16.745 -2.894 -8.898 
2 24 -16.745 -2.894 -8.898 -16.348 -2.834 -9.278 
2 24 -17.313 -3.194 -7 -17.761 -3.144 -7.318 
2 24 -17.761 -3.144 -7.318 -17.294 -2.897 -8.878 
2 24 -16.127 -2.954 -8.52 -17.062 -3.85 -2.858 
2 24 -17.434 -3.513 -4.985 -17.189 -3.279 -6.465 
2 24 -17.189 -3.279 -6.465 -17.313 -3.194 -7 
2 24 -16.348 -2.834 -9.278 -15.74 -2.616 -10.649 
2 24 -13.32 -2.144 -13.628 -16.127 -2.954 -8.52 
2 24 -15.74 -2.616 -10.649 -15.726 -2.529 -11.199 
2 24 -14.702 -2.261 -12.894 -14.222 -2.218 -13.162 
2 24 -15.239 -2.242 -13.012 -14.702 -2.261 -12.894 
2 24 -15.726 -2.529 -11.199 -16.081 -2.463 -11.619 
2 24 -16.081 -2.463 -11.619 -15.239 -2.242 -13.012 
2 24 -14.222 -2.218 -13.162 -13.291 -2.032 -14.338 
2 24 -9.378 -1.593 -17.112 -13.32 -2.144 -13.628 
2 24 -13.291 -2.032 -14.338 -13.14 -1.948 -14.867 
2 24 -13.14 -1.948 -14.867 -13.378 -1.87 -15.362 
2 24 -13.378 -1.87 -15.362 -11.607 -1.607 -17.021 
2 24 -11.607 -1.607 -17.021 -9.657 -1.386 -18.417 
2 24 -9.657 -1.386 -18.417 -9.378 -1.593 -17.112 
2 24 -17.294 5.709 -8.878 -17.294 -2.897 -8.878 
2 24 -17.761 -3.144 -7.318 -17.761 5.462 -7.318 
2 24 -10.495 7.135 -17.881 -11.141 6.56 -17.391 
2 24 -11.141 6.56 -17.391 -12 3.432 -16.69 
2 24 -13.378 -1.87 -15.362 -13.378 6.736 -15.362 
2 24 -12 3.432 -16.69 -11.179 0.369 -17.317 
2 24 -11.179 0.369 -17.317 -9.657 -1.386 -18.417 
2 24 -15.239 -2.242 -13.012 -15.239 6.364 -13.012 
2 24 -16.081 -2.463 -11.619 -16.081 6.143 -11.619 
2 24 18.312 3.062 2.648 18.312 4.254 0.307 
2 24 17.063 4.254 0.307 17.062 3.062 2.648 
2 24 18.312 0.721 3.84 18.312 3.062 2.648 
2 24 17.062 3.062 2.648 17.063 0.721 3.84 
2 24 18.312 -1.873 3.429 18.312 0.721 3.84 
2 24 17.063 0.721 3.84 17.062 -1.873 3.429 
2 24 18.312 -3.73 1.572 18.312 -1.873 3.429 
2 24 17.062 -1.873 3.429 17.062 -3.73 1.572 
2 24 18.312 -4.141 -1.022 18.312 -3.73 1.572 
2 24 17.062 -3.73 1.572 17.062 -4.141 -1.022 
2 24 17.062 4.756 -2.858 17.063 4.254 0.307 
2 24 18.312 4.254 0.307 18.312 4.756 -2.858 
2 24 18.312 4.756 -2.858 18.251 4.994 -4.361 
2 24 18.251 4.994 -4.361 17.724 5.019 -4.518 
2 24 17.313 5.412 -7 17.761 5.462 -7.318 
2 24 17.761 5.462 -7.318 17.294 5.709 -8.878 
2 24 17.294 5.709 -8.878 16.745 5.712 -8.898 
2 24 17.724 5.019 -4.518 17.434 5.093 -4.985 
2 24 17.189 5.327 -6.465 17.313 5.412 -7 
2 24 17.434 5.093 -4.985 17.189 5.327 -6.465 
2 24 16.039 5.679 -8.689 17.062 4.756 -2.858 
2 24 16.745 5.712 -8.898 16.348 5.772 -9.278 
2 24 14.447 6.193 -11.935 16.039 5.679 -8.689 
2 24 16.348 5.772 -9.278 15.74 5.99 -10.649 
2 24 15.74 5.99 -10.649 15.726 6.077 -11.199 
2 24 15.726 6.077 -11.199 16.081 6.143 -11.619 
2 24 16.081 6.143 -11.619 15.239 6.364 -13.012 
2 24 15.239 6.364 -13.012 14.702 6.345 -12.894 
2 24 14.222 6.388 -13.162 13.291 6.574 -14.338 
2 24 13.103 6.487 -13.789 14.447 6.193 -11.935 
2 24 14.702 6.345 -12.894 14.222 6.388 -13.162 
2 24 10.799 6.795 -15.736 13.103 6.487 -13.789 
2 24 13.291 6.574 -14.338 13.14 6.658 -14.867 
2 24 13.14 6.658 -14.867 13.378 6.736 -15.362 
2 24 13.378 6.736 -15.362 11.607 6.999 -17.021 
2 24 11.607 6.999 -17.021 10.495 7.135 -17.881 
2 24 10.495 7.135 -17.881 10.799 6.795 -15.736 
2 24 18.312 -4.141 -1.022 18.312 -3.85 -2.858 
2 24 18.251 -3.612 -4.361 18.251 4.994 -4.361 
2 24 18.312 -3.85 -2.858 18.251 -3.612 -4.361 
2 24 18.251 -3.612 -4.361 17.724 -3.587 -4.518 
2 24 17.724 -3.587 -4.518 17.434 -3.513 -4.985 
2 24 17.062 -4.141 -1.022 17.062 -3.85 -2.858 
2 24 16.745 -2.894 -8.898 17.294 -2.897 -8.878 
2 24 16.348 -2.834 -9.278 16.745 -2.894 -8.898 
2 24 17.294 -2.897 -8.878 17.761 -3.144 -7.318 
2 24 17.761 -3.144 -7.318 17.313 -3.194 -7 
2 24 17.062 -3.85 -2.858 16.127 -2.954 -8.52 
2 24 17.189 -3.279 -6.465 17.434 -3.513 -4.985 
2 24 17.313 -3.194 -7 17.189 -3.279 -6.465 
2 24 15.74 -2.616 -10.649 16.348 -2.834 -9.278 
2 24 16.127 -2.954 -8.52 13.32 -2.144 -13.628 
2 24 15.726 -2.529 -11.199 15.74 -2.616 -10.649 
2 24 14.222 -2.218 -13.162 14.702 -2.261 -12.894 
2 24 14.702 -2.261 -12.894 15.239 -2.242 -13.012 
2 24 15.239 -2.242 -13.012 16.081 -2.463 -11.619 
2 24 16.081 -2.463 -11.619 15.726 -2.529 -11.199 
2 24 13.291 -2.032 -14.338 14.222 -2.218 -13.162 
2 24 13.32 -2.144 -13.628 9.378 -1.593 -17.112 
2 24 13.14 -1.948 -14.867 13.291 -2.032 -14.338 
2 24 11.607 -1.607 -17.021 13.378 -1.87 -15.362 
2 24 13.378 -1.87 -15.362 13.14 -1.948 -14.867 
2 24 9.378 -1.593 -17.112 9.657 -1.386 -18.417 
2 24 9.657 -1.386 -18.417 11.607 -1.607 -17.021 
2 24 17.294 -2.897 -8.878 17.294 5.709 -8.878 
2 24 17.761 5.462 -7.318 17.761 -3.144 -7.318 
2 24 11.141 6.56 -17.391 10.495 7.135 -17.881 
2 24 12 3.432 -16.69 11.141 6.56 -17.391 
2 24 13.378 6.736 -15.362 13.378 -1.87 -15.362 
2 24 11.179 0.369 -17.317 12 3.432 -16.69 
2 24 9.657 -1.386 -18.417 11.179 0.369 -17.317 
2 24 15.239 6.364 -13.012 15.239 -2.242 -13.012 
2 24 16.081 6.143 -11.619 16.081 -2.463 -11.619 
2 24 -17.063 -1.45 4.279 -17.062 -3.887 2.508 
2 24 -14.312 -3.887 2.508 -14.312 -1.45 4.279 
2 24 -17.062 -3.887 2.508 -17.063 -4.818 -0.358 
2 24 -14.312 -4.818 -0.358 -14.312 -3.887 2.508 
2 24 -17.062 -4.818 -2.858 -17.063 -4.818 -0.358 
2 24 -17.063 4.761 1.31 -17.063 6.278 -2.858 
2 24 -17.062 2.312 3.964 -17.063 4.761 1.31 
2 24 -17.063 -1.45 4.279 -17.062 2.312 3.964 
2 24 -9.047 -4.818 -17.324 -3.75 -4.818 -19.503 
2 24 -3.917 -4.818 -16.624 -8.625 -4.818 -14.279 
2 24 -13.325 -4.818 -13.515 -9.047 -4.818 -17.324 
2 24 -8.625 -4.818 -14.279 -10.577 -4.818 -12.5 
2 24 -16.101 -4.818 -8.504 -13.325 -4.818 -13.515 
2 24 -10.577 -4.818 -12.5 -13.346 -4.818 -8.028 
2 24 -17.062 -4.818 -2.858 -16.101 -4.818 -8.504 
2 24 -13.346 -4.818 -8.028 -14.312 -4.818 -2.858 
2 24 -14.312 -4.818 -2.858 -14.312 -4.818 -0.358 
2 24 -3.917 9.557 -16.624 -8.625 9.557 -14.279 
2 24 -8.625 9.557 -14.279 -11.123 9.557 -11.865 
2 24 -11.123 9.557 -11.865 -13.346 8.16 -8.028 
2 24 -13.346 8.16 -8.028 -14.313 6.278 -2.858 
2 24 -14.491 9.557 -11.865 -11.123 9.557 -11.865 
2 24 -13.04 9.557 -13.861 -14.491 9.557 -11.865 
2 24 -5.875 9.557 -18.877 -8.47 9.557 -17.67 
2 24 -3.917 9.557 -16.624 -5.875 9.557 -18.877 
2 24 -8.47 9.557 -17.67 -13.04 9.557 -13.861 
2 24 -3.75 -2.693 -19.503 -3.75 -4.818 -19.503 
2 24 -16.025 8.41 -8.715 -14.491 9.557 -11.865 
2 24 -17.063 6.278 -2.858 -16.025 8.41 -8.715 
2 24 -14.312 4.761 1.31 -14.313 6.278 -2.858 
2 24 -14.312 2.312 3.964 -14.312 4.761 1.31 
2 24 -14.312 -1.45 4.279 -14.312 2.312 3.964 
2 24 0 9.557 -17.109 -3.917 9.557 -16.624 
2 24 -3.917 -4.818 -16.624 0 -4.818 -17.109 
2 24 -5.875 9.557 -18.877 -3.75 -2.693 -19.503 
2 24 17.062 -3.887 2.508 17.063 -1.45 4.279 
2 24 14.312 -1.45 4.279 14.312 -3.887 2.508 
2 24 17.063 -4.818 -0.358 17.062 -3.887 2.508 
2 24 14.312 -3.887 2.508 14.312 -4.818 -0.358 
2 24 17.063 -4.818 -0.358 17.062 -4.818 -2.858 
2 24 17.063 6.278 -2.858 17.063 4.761 1.31 
2 24 17.063 4.761 1.31 17.062 2.312 3.964 
2 24 17.062 2.312 3.964 17.063 -1.45 4.279 
2 24 3.75 -4.818 -19.503 9.047 -4.818 -17.324 
2 24 8.625 -4.818 -14.279 3.917 -4.818 -16.624 
2 24 9.047 -4.818 -17.324 13.325 -4.818 -13.515 
2 24 10.577 -4.818 -12.5 8.625 -4.818 -14.279 
2 24 13.325 -4.818 -13.515 16.101 -4.818 -8.504 
2 24 13.346 -4.818 -8.028 10.577 -4.818 -12.5 
2 24 16.101 -4.818 -8.504 17.062 -4.818 -2.858 
2 24 14.312 -4.818 -2.858 13.346 -4.818 -8.028 
2 24 14.312 -4.818 -0.358 14.312 -4.818 -2.858 
2 24 8.625 9.557 -14.279 3.917 9.557 -16.624 
2 24 11.123 9.557 -11.865 8.625 9.557 -14.279 
2 24 13.346 8.16 -8.028 11.123 9.557 -11.865 
2 24 14.313 6.278 -2.858 13.346 8.16 -8.028 
2 24 14.491 9.557 -11.865 13.04 9.557 -13.861 
2 24 11.123 9.557 -11.865 14.491 9.557 -11.865 
2 24 5.875 9.557 -18.877 3.917 9.557 -16.624 
2 24 8.47 9.557 -17.67 5.875 9.557 -18.877 
2 24 13.04 9.557 -13.861 8.47 9.557 -17.67 
2 24 3.75 -4.818 -19.503 3.75 -2.693 -19.503 
2 24 14.491 9.557 -11.865 16.025 8.41 -8.715 
2 24 16.025 8.41 -8.715 17.063 6.278 -2.858 
2 24 14.313 6.278 -2.858 14.312 4.761 1.31 
2 24 14.312 4.761 1.31 14.312 2.312 3.964 
2 24 14.312 2.312 3.964 14.312 -1.45 4.279 
2 24 3.917 9.557 -16.624 0 9.557 -17.109 
2 24 0 -4.818 -17.109 3.917 -4.818 -16.624 
2 24 3.75 -2.693 -19.503 5.875 9.557 -18.877 
2 24 -3.75 -4.518 -22.496 -3.75 -4.818 -21.375 
2 24 -3.75 -4.818 -21.375 -3.75 -4.818 -19.503 
2 24 -3.75 -2.693 -19.503 -3.75 -2.693 -22.75 
2 24 -3.75 -3.439 -23.575 -3.75 -4.518 -22.496 
2 24 -3.75 -2.318 -23.875 -3.75 -3.439 -23.575 
2 24 -3.75 -2.693 -22.75 -3.75 -0.518 -22.75 
2 24 -3.75 -0.518 -22.75 -3.75 -0.518 -23.875 
2 24 -3.75 -0.518 -23.875 -3.75 -2.318 -23.875 
2 24 3.75 -4.818 -21.375 3.75 -4.518 -22.496 
2 24 3.75 -4.818 -19.503 3.75 -4.818 -21.375 
2 24 3.75 -2.693 -22.75 3.75 -2.693 -19.503 
2 24 3.75 -4.518 -22.496 3.75 -3.439 -23.575 
2 24 3.75 -3.439 -23.575 3.75 -2.318 -23.875 
2 24 3.75 -0.518 -22.75 3.75 -2.693 -22.75 
2 24 3.75 -2.318 -23.875 3.75 -0.518 -23.875 
2 24 3.75 -0.518 -23.875 3.75 -0.518 -22.75 
2 24 -3.75 -0.518 -23.875 3.75 -0.518 -23.875 
2 24 -6.051 7.363 -27.25 -6.051 7.363 -22.75 
2 24 6.051 7.363 -27.25 -6.051 7.363 -27.25 
2 24 -6.051 7.363 -22.75 6.051 7.381 -22.75 
2 24 6.051 7.381 -22.75 6.051 7.363 -27.25 
2 24 -6.051 -0.509 -27.25 -2.115 3.427 -27.25 
2 24 6.051 -0.509 -27.25 -6.051 -0.509 -27.25 
2 24 2.115 3.427 -27.25 6.051 -0.509 -27.25 
2 24 -2.115 3.427 -27.25 -6.051 7.363 -27.25 
2 24 6.051 7.363 -27.25 2.115 3.427 -27.25 
2 24 6.051 -0.509 -27.25 6.051 -0.518 -22.75 
2 24 6.051 -0.518 -22.75 -6.051 -0.509 -22.75 
2 24 -6.051 -0.509 -22.75 -6.051 -0.509 -27.25 
2 24 -7.125 5.38 -27.25 -6 5.682 -27.25 
2 24 -6 5.682 -27.25 -4.875 5.38 -27.25 
2 24 -4.875 5.38 -27.25 -4.051 4.557 -27.25 
2 24 -4.051 4.557 -27.25 -3.75 3.432 -27.25 
2 24 -3.75 3.432 -27.25 -4.051 2.307 -27.25 
2 24 -4.051 2.307 -27.25 -4.875 1.483 -27.25 
2 24 -4.875 1.483 -27.25 -6 1.182 -27.25 
2 24 -6 1.182 -27.25 -7.125 1.483 -27.25 
2 24 -7.125 1.483 -27.25 -7.949 2.307 -27.25 
2 24 -7.949 2.307 -27.25 -8.25 3.432 -27.25 
2 24 -8.25 3.432 -27.25 -7.949 4.557 -27.25 
2 24 -7.949 4.557 -27.25 -7.125 5.38 -27.25 
2 24 -7.125 5.38 -30 -6 5.682 -30 
2 24 -6 5.682 -30 -4.875 5.38 -30 
2 24 -4.875 5.38 -30 -4.051 4.557 -30 
2 24 -4.051 4.557 -30 -3.75 3.432 -30 
2 24 -3.75 3.432 -30 -4.051 2.307 -30 
2 24 -4.051 2.307 -30 -4.875 1.483 -30 
2 24 -4.875 1.483 -30 -6 1.182 -30 
2 24 -6 1.182 -30 -7.125 1.483 -30 
2 24 -7.125 1.483 -30 -7.949 2.307 -30 
2 24 -7.949 2.307 -30 -8.25 3.432 -30 
2 24 -8.25 3.432 -30 -7.949 4.557 -30 
2 24 -7.949 4.557 -30 -7.125 5.38 -30 
2 24 -9.459 1.459 -30 -9.987 3.427 -30 
2 24 -9.987 3.427 -30 -9.459 5.395 -30 
2 24 -9.459 5.395 -30 -8.019 6.836 -30 
2 24 -8.019 6.836 -30 -6.051 7.363 -30 
2 24 -6.051 7.363 -30 -4.083 6.836 -30 
2 24 -4.083 6.836 -30 -2.642 5.395 -30 
2 24 -2.642 5.395 -30 -2.115 3.427 -30 
2 24 -2.115 3.427 -30 -2.642 1.459 -30 
2 24 -2.642 1.459 -30 -4.083 0.019 -30 
2 24 -4.083 0.019 -30 -6.051 -0.509 -30 
2 24 -6.051 -0.509 -30 -8.019 0.019 -30 
2 24 -8.019 0.019 -30 -9.459 1.459 -30 
2 24 -9.459 1.459 -22.75 -9.987 3.427 -22.75 
2 24 -9.987 3.427 -22.75 -9.459 5.395 -22.75 
2 24 -9.459 5.395 -22.75 -8.019 6.836 -22.75 
2 24 -8.019 6.836 -22.75 -6.051 7.363 -22.75 
2 24 -6.051 7.363 -27.25 -4.083 6.836 -27.25 
2 24 -4.083 6.836 -27.25 -2.642 5.395 -27.25 
2 24 -2.642 5.395 -27.25 -2.115 3.427 -27.25 
2 24 -2.115 3.427 -27.25 -2.642 1.459 -27.25 
2 24 -2.642 1.459 -27.25 -4.083 0.019 -27.25 
2 24 -6.051 -0.509 -22.75 -8.019 0.019 -22.75 
2 24 -8.019 0.019 -22.75 -9.459 1.459 -22.75 
2 24 -4.083 0.019 -27.25 -6.051 -0.509 -27.25 
2 24 6 5.682 -27.25 7.125 5.38 -27.25 
2 24 4.875 5.38 -27.25 6 5.682 -27.25 
2 24 4.051 4.557 -27.25 4.875 5.38 -27.25 
2 24 3.75 3.432 -27.25 4.051 4.557 -27.25 
2 24 4.051 2.307 -27.25 3.75 3.432 -27.25 
2 24 4.875 1.483 -27.25 4.051 2.307 -27.25 
2 24 6 1.182 -27.25 4.875 1.483 -27.25 
2 24 7.125 1.483 -27.25 6 1.182 -27.25 
2 24 7.949 2.307 -27.25 7.125 1.483 -27.25 
2 24 8.25 3.432 -27.25 7.949 2.307 -27.25 
2 24 7.949 4.557 -27.25 8.25 3.432 -27.25 
2 24 7.125 5.38 -27.25 7.949 4.557 -27.25 
2 24 6 5.682 -30 7.125 5.38 -30 
2 24 4.875 5.38 -30 6 5.682 -30 
2 24 4.051 4.557 -30 4.875 5.38 -30 
2 24 3.75 3.432 -30 4.051 4.557 -30 
2 24 4.051 2.307 -30 3.75 3.432 -30 
2 24 4.875 1.483 -30 4.051 2.307 -30 
2 24 6 1.182 -30 4.875 1.483 -30 
2 24 7.125 1.483 -30 6 1.182 -30 
2 24 7.949 2.307 -30 7.125 1.483 -30 
2 24 8.25 3.432 -30 7.949 2.307 -30 
2 24 7.949 4.557 -30 8.25 3.432 -30 
2 24 7.125 5.38 -30 7.949 4.557 -30 
2 24 9.987 3.427 -30 9.459 1.459 -30 
2 24 9.459 5.395 -30 9.987 3.427 -30 
2 24 8.019 6.836 -30 9.459 5.395 -30 
2 24 6.051 7.363 -30 8.019 6.836 -30 
2 24 4.083 6.836 -30 6.051 7.363 -30 
2 24 2.642 5.395 -30 4.083 6.836 -30 
2 24 2.115 3.427 -30 2.642 5.395 -30 
2 24 2.642 1.459 -30 2.115 3.427 -30 
2 24 4.083 0.019 -30 2.642 1.459 -30 
2 24 6.051 -0.509 -30 4.083 0.019 -30 
2 24 8.019 0.019 -30 6.051 -0.509 -30 
2 24 9.459 1.459 -30 8.019 0.019 -30 
2 24 9.459 1.459 -22.75 9.987 3.427 -22.75 
2 24 9.987 3.427 -22.75 9.459 5.395 -22.75 
2 24 9.459 5.395 -22.75 8.019 6.836 -22.75 
2 24 8.019 6.836 -22.75 6.051 7.363 -22.75 
2 24 6.051 7.363 -22.75 6 3.432 -22.75 
2 24 6.051 -0.509 -22.75 8.019 0.019 -22.75 
2 24 6 3.432 -22.75 6.051 -0.509 -22.75 
2 24 8.019 0.019 -22.75 9.459 1.459 -22.75 
2 24 6.051 7.363 -27.25 6.051 7.363 -22.75 
2 24 4.083 6.836 -27.25 6.051 7.363 -27.25 
2 24 2.642 5.395 -27.25 4.083 6.836 -27.25 
2 24 2.115 3.427 -27.25 2.642 5.395 -27.25 
2 24 2.642 1.459 -27.25 2.115 3.427 -27.25 
2 24 4.083 0.019 -27.25 2.642 1.459 -27.25 
2 24 6.051 -0.509 -22.75 6.051 -0.509 -27.25 
2 24 6.051 -0.509 -27.25 4.083 0.019 -27.25 
2 24 -8.47 8.98 -17.67 -5.875 9.557 -18.877 
2 24 -5.875 9.557 -22.75 -8.937 8.736 -22.75 
2 24 -11.17 6.453 -15.399 -8.47 8.98 -17.67 
2 24 -8.937 8.736 -22.75 -11.179 6.494 -22.75 
2 24 -11.99 3.386 -14.685 -11.17 6.453 -15.399 
2 24 -11.179 6.494 -22.75 -12 3.432 -22.75 
2 24 -11.17 0.328 -15.395 -11.99 3.386 -14.685 
2 24 -12 3.432 -22.75 -11.179 0.369 -22.75 
2 24 -8.931 -1.903 -17.43 -11.17 0.328 -15.395 
2 24 -11.179 0.369 -22.75 -8.938 -1.873 -22.75 
2 24 -5.875 -2.693 -18.663 -8.931 -1.903 -17.43 
2 24 -8.938 -1.873 -22.75 -5.875 -2.693 -22.75 
2 24 -5.875 9.557 -18.877 -3.917 9.557 -16.624 
2 24 -3.75 -2.693 -19.503 -5.875 -2.693 -18.663 
2 24 -5.875 -2.693 -22.75 -3.75 -2.693 -22.75 
2 24 0 7.381 -22.75 -3.75 -2.693 -22.75 
2 24 5.875 9.557 -18.877 8.47 8.98 -17.67 
2 24 8.937 8.736 -22.75 5.875 9.557 -22.75 
2 24 8.47 8.98 -17.67 11.17 6.453 -15.399 
2 24 11.179 6.494 -22.75 8.937 8.736 -22.75 
2 24 11.17 6.453 -15.399 11.99 3.386 -14.685 
2 24 12 3.432 -22.75 11.179 6.494 -22.75 
2 24 11.99 3.386 -14.685 11.17 0.328 -15.395 
2 24 11.179 0.369 -22.75 12 3.432 -22.75 
2 24 11.17 0.328 -15.395 8.931 -1.903 -17.43 
2 24 8.938 -1.873 -22.75 11.179 0.369 -22.75 
2 24 8.931 -1.903 -17.43 5.875 -2.693 -18.663 
2 24 5.875 -2.693 -22.75 8.938 -1.873 -22.75 
2 24 3.917 9.557 -16.624 5.875 9.557 -18.877 
2 24 5.875 9.557 -22.75 -5.875 9.557 -22.75 
2 24 5.875 -2.693 -18.663 3.75 -2.693 -19.503 
2 24 3.75 -2.693 -22.75 5.875 -2.693 -22.75 
2 24 3.75 -2.693 -22.75 0 7.381 -22.75 
2 24 18.312 2.814 -1.949 18.312 3.24 -0.358 
2 24 18.312 1.648 -3.115 18.312 2.814 -1.949 
2 24 18.312 0.057 -3.541 18.312 1.648 -3.115 
2 24 18.312 1.648 2.4 18.312 0.057 2.826 
2 24 18.312 2.814 1.234 18.312 1.648 2.4 
2 24 18.312 3.24 -0.358 18.312 2.814 1.234 
2 24 18.312 -2.701 1.234 18.312 -3.127 -0.358 
2 24 18.312 -1.535 2.4 18.312 -2.701 1.234 
2 24 18.312 0.057 2.826 18.312 -1.535 2.4 
2 24 18.312 -1.535 -3.115 18.312 0.057 -3.541 
2 24 18.312 -2.701 -1.949 18.312 -1.535 -3.115 
2 24 18.312 -3.127 -0.358 18.312 -2.701 -1.949 
2 24 14.312 -1.326 -1.326 14.312 -1.875 0 
2 24 14.312 0 -1.875 14.312 -1.326 -1.326 
2 24 14.312 1.326 -1.326 14.312 0 -1.875 
2 24 14.312 1.875 0 14.312 1.326 -1.326 
2 24 14.312 1.326 1.326 14.312 1.875 0 
2 24 14.312 0 1.875 14.312 1.326 1.326 
2 24 14.312 -1.326 1.326 14.312 0 1.875 
2 24 14.312 -1.875 0 14.312 -1.326 1.326 
2 24 -14.312 -1.875 0 -14.312 -1.326 -1.326 
2 24 -14.312 -1.326 -1.326 -14.312 0 -1.875 
2 24 -14.312 0 -1.875 -14.312 1.326 -1.326 
2 24 -14.312 1.326 -1.326 -14.312 1.875 0 
2 24 -14.312 1.875 0 -14.312 1.326 1.326 
2 24 -14.312 1.326 1.326 -14.312 0 1.875 
2 24 -14.312 0 1.875 -14.312 -1.326 1.326 
2 24 -14.312 -1.326 1.326 -14.312 -1.875 0 

