0 ANIMAL HEAD NO.15 (Needs Work)
0 Name: 20308.dat
0 Author: <AuthorRealName> [<AuthorLDrawName>]
0 !LDRAW_ORG Unofficial_Part
0 !LICENSE Redistributable under CCAL version 2.0 : see CAreadme.txt

0 BFC CERTIFY CCW

0 !HISTORY 2016-03-18 {LEGO Digital Designer} Original part shape
0 !HISTORY 2016-03-18 [<AuthorLDrawName>] File preparation for LDraw Parts Tracker

0 // Needs Work: Clean necessary

0 // Outside
3 16 -4.75 -20 -10 -4.75 -12.5 -10 -4.75 -20 -13.75 
3 16 -4.75 -20 -13.75 -4.75 -12.5 -10 -4.75 -12.5 -13.75 
3 16 -4.75 -20 -10 -4.75 -20 -13.75 2.75 -20 -10 
3 16 2.75 -20 -10 -4.75 -20 -13.75 2.75 -20 -13.75 
3 16 -4.75 -20 -10 2.75 -20 -10 -4.75 -12.5 -10 
3 16 -4.75 -12.5 -10 2.75 -20 -10 2.75 -12.5 -10 
3 16 2.75 -20 -10 2.75 -20 -13.75 2.75 -12.5 -10 
3 16 2.75 -12.5 -10 2.75 -20 -13.75 2.75 -12.5 -13.75 
3 16 -4.75 -20 -13.75 -4.75 -12.5 -13.75 2.75 -20 -13.75 
3 16 2.75 -20 -13.75 -4.75 -12.5 -13.75 2.75 -12.5 -13.75 
3 16 24.75 -12.5 -13.75 24.75 -12.5 -10 24.75 -20 -13.75 
3 16 24.75 -20 -13.75 24.75 -12.5 -10 24.75 -20 -10 
3 16 24.75 -12.5 -10 17.25 -12.5 -10 24.75 -20 -10 
3 16 24.75 -20 -10 17.25 -12.5 -10 17.25 -20 -10 
3 16 17.25 -20 -10 17.25 -12.5 -10 17.25 -20 -13.75 
3 16 17.25 -20 -13.75 17.25 -12.5 -10 17.25 -12.5 -13.75 
3 16 17.25 -20 -10 17.25 -20 -13.75 24.75 -20 -10 
3 16 24.75 -20 -10 17.25 -20 -13.75 24.75 -20 -13.75 
3 16 17.25 -20 -13.75 17.25 -12.5 -13.75 24.75 -20 -13.75 
3 16 24.75 -20 -13.75 17.25 -12.5 -13.75 24.75 -12.5 -13.75 
3 16 30 0 -10 30 -16 -10 -10 0 -10 
3 16 -10 0 -10 30 -16 -10 -10 -16 -10 
3 16 -10 -16 -10 30 -16 -10 -10 -16 10 
3 16 -10 -16 10 30 -16 -10 30 -16 10 
3 16 -10 -16 -10 -10 -16 10 -10 0 -10 
3 16 -10 0 -10 -10 -16 10 -10 0 10 
3 16 -10 -16 10 30 -16 10 -10 0 10 
3 16 -10 0 10 30 -16 10 30 0 10 
3 16 30 -16 10 30 -16 -10 30 0 10 
3 16 30 0 10 30 -16 -10 30 0 -10 
3 16 -6 -12.5 -10 -6 -12.5 -26 26 -12.5 -26 
3 16 -6 -12.5 -10 26 -12.5 -26 26 -12.5 -10 
3 16 -6 -12.5 -26 -6 -12.5 -10 -6 20 -26 
3 16 -6 20 -26 -6 -12.5 -10 -6 20 -10 
3 16 17.375 5.27 -26 2.625 5.27 -26 17.375 5.27 -40.75 
3 16 17.375 5.27 -40.75 2.625 5.27 -26 2.625 5.27 -40.75 
3 16 2.625 5.27 -26 2.625 20 -26 2.625 5.27 -40.75 
3 16 2.625 5.27 -40.75 2.625 20 -26 2.625 20 -40.75 
3 16 17.375 5.27 -40.75 17.375 20 -40.75 17.375 5.27 -26 
3 16 17.375 5.27 -26 17.375 20 -40.75 17.375 20 -26 
3 16 26 -12.5 -10 26 -12.5 -26 26 20 -26 
3 16 26 -12.5 -10 26 20 -26 26 20 -10 
3 16 -2.25 20 -10 -2.25 -8.23 -10 -2.25 20 -22.25 
3 16 -2.25 20 -22.25 -2.25 -8.23 -10 -2.25 -8.23 -22.25 
3 16 22.25 -8.23 -22.25 22.25 -8.23 -10 22.25 20 -22.25 
3 16 22.25 20 -22.25 22.25 -8.23 -10 22.25 20 -10 
3 16 22.25 -8.23 -10 22.25 -8.23 -22.25 -2.25 -8.23 -10 
3 16 -2.25 -8.23 -10 22.25 -8.23 -22.25 -2.25 -8.23 -22.25 
3 16 6.375 9.02 -22.25 13.625 9.02 -22.25 6.375 9.02 -37 
3 16 6.375 9.02 -37 13.625 9.02 -22.25 13.625 9.02 -37 
3 16 6.375 9.02 -22.25 6.375 9.02 -37 6.375 20 -22.25 
3 16 6.375 20 -22.25 6.375 9.02 -37 6.375 20 -37 
3 16 6.375 20 -22.25 -2.25 20 -22.25 6.375 9.02 -22.25 
3 16 6.375 9.02 -22.25 -2.25 20 -22.25 -2.25 -8.23 -22.25 
3 16 6.375 9.02 -22.25 -2.25 -8.23 -22.25 13.625 9.02 -22.25 
3 16 13.625 9.02 -22.25 -2.25 -8.23 -22.25 22.25 -8.23 -22.25 
3 16 13.625 9.02 -22.25 22.25 -8.23 -22.25 22.25 20 -22.25 
3 16 13.625 9.02 -22.25 22.25 20 -22.25 13.625 20 -22.25 
3 16 6.375 9.02 -37 13.625 9.02 -37 6.375 20 -37 
3 16 6.375 20 -37 13.625 9.02 -37 13.625 20 -37 
3 16 13.625 9.02 -37 13.625 9.02 -22.25 13.625 20 -37 
3 16 13.625 20 -37 13.625 9.02 -22.25 13.625 20 -22.25 
3 16 -2.25 -8.23 -10 -2.25 20 -10 -6 -12.5 -10 
3 16 -6 -12.5 -10 -2.25 20 -10 -6 20 -10 
3 16 22.25 20 -10 26 20 -10 22.25 20 -22.25 
3 16 22.25 20 -22.25 26 20 -10 26 20 -26 
3 16 22.25 20 -22.25 26 20 -26 17.375 20 -26 
3 16 22.25 20 -22.25 17.375 20 -26 13.625 20 -22.25 
3 16 13.625 20 -22.25 17.375 20 -26 13.625 20 -37 
3 16 13.625 20 -37 17.375 20 -26 17.375 20 -40.75 
3 16 13.625 20 -37 17.375 20 -40.75 6.375 20 -37 
3 16 6.375 20 -37 17.375 20 -40.75 2.625 20 -40.75 
3 16 6.375 20 -37 2.625 20 -40.75 2.625 20 -26 
3 16 6.375 20 -37 2.625 20 -26 6.375 20 -22.25 
3 16 6.375 20 -22.25 2.625 20 -26 -2.25 20 -22.25 
3 16 -2.25 20 -22.25 2.625 20 -26 -6 20 -26 
3 16 -2.25 20 -22.25 -6 20 -26 -6 20 -10 
3 16 -2.25 20 -22.25 -6 20 -10 -2.25 20 -10 
3 16 22.25 -8.23 -10 26 -12.5 -10 22.25 20 -10 
3 16 22.25 20 -10 26 -12.5 -10 26 20 -10 
2 24 -4.75 -20 -10 -4.75 -12.5 -10 
2 24 -4.75 -20 -13.75 -4.75 -20 -10 
2 24 -4.75 -12.5 -10 -4.75 -12.5 -13.75 
2 24 -4.75 -12.5 -13.75 -4.75 -20 -13.75 
2 24 2.75 -20 -10 -4.75 -20 -10 
2 24 -4.75 -20 -13.75 2.75 -20 -13.75 
2 24 2.75 -20 -13.75 2.75 -20 -10 
2 24 2.75 -20 -10 2.75 -12.5 -10 
2 24 2.75 -12.5 -10 -4.75 -12.5 -10 
2 24 2.75 -20 -13.75 2.75 -12.5 -13.75 
2 24 2.75 -12.5 -13.75 2.75 -12.5 -10 
2 24 -4.75 -12.5 -13.75 2.75 -12.5 -13.75 
2 24 24.75 -12.5 -13.75 24.75 -12.5 -10 
2 24 24.75 -20 -13.75 24.75 -12.5 -13.75 
2 24 24.75 -12.5 -10 24.75 -20 -10 
2 24 24.75 -20 -10 24.75 -20 -13.75 
2 24 24.75 -12.5 -10 17.25 -12.5 -10 
2 24 17.25 -12.5 -10 17.25 -20 -10 
2 24 17.25 -20 -10 24.75 -20 -10 
2 24 17.25 -20 -13.75 17.25 -20 -10 
2 24 17.25 -12.5 -10 17.25 -12.5 -13.75 
2 24 17.25 -12.5 -13.75 17.25 -20 -13.75 
2 24 17.25 -20 -13.75 24.75 -20 -13.75 
2 24 17.25 -12.5 -13.75 24.75 -12.5 -13.75 
2 24 30 0 -10 30 -16 -10 
2 24 -10 0 -10 30 0 -10 
2 24 30 -16 -10 -10 -16 -10 
2 24 -10 -16 -10 -10 0 -10 
2 24 -10 -16 10 -10 -16 -10 
2 24 30 -16 -10 30 -16 10 
2 24 30 -16 10 -10 -16 10 
2 24 -10 -16 10 -10 0 10 
2 24 -10 0 10 -10 0 -10 
2 24 30 -16 10 30 0 10 
2 24 30 0 10 -10 0 10 
2 24 30 0 -10 30 0 10 
2 24 -6 -12.5 -10 -6 -12.5 -26 
2 24 -6 -12.5 -26 26 -12.5 -26 
2 24 26 -12.5 -26 26 -12.5 -10 
2 24 26 -12.5 -10 -6 -12.5 -10 
2 24 -6 20 -26 -6 -12.5 -26 
2 24 -6 -12.5 -10 -6 20 -10 
2 24 -6 20 -10 -6 20 -26 
2 24 17.375 5.27 -26 2.625 5.27 -26 
2 24 17.375 5.27 -40.75 17.375 5.27 -26 
2 24 2.625 5.27 -26 2.625 5.27 -40.75 
2 24 2.625 5.27 -40.75 17.375 5.27 -40.75 
2 24 2.625 5.27 -26 2.625 20 -26 
2 24 2.625 20 -26 2.625 20 -40.75 
2 24 2.625 20 -40.75 2.625 5.27 -40.75 
2 24 17.375 5.27 -40.75 17.375 20 -40.75 
2 24 17.375 20 -40.75 17.375 20 -26 
2 24 17.375 20 -26 17.375 5.27 -26 
2 24 26 -12.5 -26 26 20 -26 
2 24 26 20 -26 26 20 -10 
2 24 26 20 -10 26 -12.5 -10 
2 24 -2.25 20 -10 -2.25 -8.23 -10 
2 24 -2.25 20 -22.25 -2.25 20 -10 
2 24 -2.25 -8.23 -10 -2.25 -8.23 -22.25 
2 24 -2.25 -8.23 -22.25 -2.25 20 -22.25 
2 24 22.25 -8.23 -22.25 22.25 -8.23 -10 
2 24 22.25 20 -22.25 22.25 -8.23 -22.25 
2 24 22.25 -8.23 -10 22.25 20 -10 
2 24 22.25 20 -10 22.25 20 -22.25 
2 24 -2.25 -8.23 -10 22.25 -8.23 -10 
2 24 22.25 -8.23 -22.25 -2.25 -8.23 -22.25 
2 24 6.375 9.02 -22.25 13.625 9.02 -22.25 
2 24 6.375 9.02 -37 6.375 9.02 -22.25 
2 24 13.625 9.02 -22.25 13.625 9.02 -37 
2 24 13.625 9.02 -37 6.375 9.02 -37 
2 24 6.375 20 -22.25 6.375 9.02 -22.25 
2 24 6.375 9.02 -37 6.375 20 -37 
2 24 6.375 20 -37 6.375 20 -22.25 
2 24 6.375 20 -22.25 -2.25 20 -22.25 
2 24 22.25 20 -22.25 13.625 20 -22.25 
2 24 13.625 20 -22.25 13.625 9.02 -22.25 
2 24 13.625 9.02 -37 13.625 20 -37 
2 24 13.625 20 -37 6.375 20 -37 
2 24 13.625 20 -22.25 13.625 20 -37 
2 24 -6 -12.5 -10 -2.25 -8.23 -10 
2 24 -2.25 20 -10 -6 20 -10 
2 24 22.25 20 -10 26 20 -10 
2 24 26 20 -26 17.375 20 -26 
2 24 17.375 20 -40.75 2.625 20 -40.75 
2 24 2.625 20 -26 -6 20 -26 
2 24 22.25 -8.23 -10 26 -12.5 -10 

0 // Inside
3 16 -6.25 -13.23 -6.25 -6.25 -13.23 6.25 26.25 -13.23 -6.25 
3 16 -6.25 -13.23 6.25 26.25 -13.23 6.25 26.25 -13.23 -6.25 
3 16 26.25 -13.23 6.25 26.25 0 6.25 26.25 -13.23 -6.25 
3 16 26.25 0 6.25 26.25 0 -6.25 26.25 -13.23 -6.25 
3 16 -6.25 -13.23 6.25 -6.25 0 6.25 26.25 -13.23 6.25 
3 16 -6.25 0 6.25 26.25 0 6.25 26.25 -13.23 6.25 
3 16 -6.25 -13.23 -6.25 -6.25 0 -6.25 -6.25 -13.23 6.25 
3 16 -6.25 0 -6.25 -6.25 0 6.25 -6.25 -13.23 6.25 
3 16 26.25 -13.23 -6.25 26.25 0 -6.25 -6.25 -13.23 -6.25 
3 16 26.25 0 -6.25 -6.25 0 -6.25 -6.25 -13.23 -6.25 
3 16 26.25 0 -6.25 26.25 0 6.25 30 0 10 
3 16 30 0 10 30 0 -10 26.25 0 -6.25 
3 16 26.25 0 -6.25 30 0 -10 -6.25 0 -6.25 
3 16 -10 0 -10 -6.25 0 -6.25 30 0 -10 
3 16 -6.25 0 -6.25 -10 0 -10 -6.25 0 6.25 
3 16 -10 0 10 -6.25 0 6.25 -10 0 -10 
3 16 -6.25 0 6.25 -10 0 10 26.25 0 6.25 
3 16 30 0 10 26.25 0 6.25 -10 0 10 
3 16 6.536 0 2 6.536 -13.23 2 8 0 3.464 
3 16 8 0 3.464 6.536 -13.23 2 8 -13.23 3.464 
3 16 8 0 3.464 8 -13.23 3.464 10 0 4 
3 16 10 0 4 8 -13.23 3.464 10 -13.23 4 
3 16 10 0 4 10 -13.23 4 12 0 3.464 
3 16 12 0 3.464 10 -13.23 4 12 -13.23 3.464 
3 16 12 0 3.464 12 -13.23 3.464 13.464 0 2 
3 16 13.464 0 2 12 -13.23 3.464 13.464 -13.23 2 
3 16 13.464 0 2 13.464 -13.23 2 14 0 0 
3 16 14 0 0 13.464 -13.23 2 14 -13.23 0 
3 16 14 0 0 14 -13.23 0 13.464 0 -2 
3 16 13.464 0 -2 14 -13.23 0 13.464 -13.23 -2 
3 16 13.464 0 -2 13.464 -13.23 -2 12 0 -3.464 
3 16 12 0 -3.464 13.464 -13.23 -2 12 -13.23 -3.464 
3 16 12 0 -3.464 12 -13.23 -3.464 10 0 -4 
3 16 10 0 -4 12 -13.23 -3.464 10 -13.23 -4 
3 16 10 0 -4 10 -13.23 -4 8 0 -3.464 
3 16 8 0 -3.464 10 -13.23 -4 8 -13.23 -3.464 
3 16 8 0 -3.464 8 -13.23 -3.464 6.536 0 -2 
3 16 6.536 0 -2 8 -13.23 -3.464 6.536 -13.23 -2 
3 16 6.536 0 -2 6.536 -13.23 -2 6 0 0 
3 16 6 0 0 6.536 -13.23 -2 6 -13.23 0 
3 16 6 0 0 6 -13.23 0 6.536 0 2 
3 16 6.536 0 2 6 -13.23 0 6.536 -13.23 2 
3 16 8 0 3.464 10 0 0 6.536 0 2 
3 16 10 0 4 10 0 0 8 0 3.464 
3 16 12 0 3.464 10 0 0 10 0 4 
3 16 13.464 0 2 10 0 0 12 0 3.464 
3 16 14 0 0 10 0 0 13.464 0 2 
3 16 13.464 0 -2 10 0 0 14 0 0 
3 16 12 0 -3.464 10 0 0 13.464 0 -2 
3 16 10 0 -4 10 0 0 12 0 -3.464 
3 16 8 0 -3.464 10 0 0 10 0 -4 
3 16 6.536 0 -2 10 0 0 8 0 -3.464 
3 16 6 0 0 10 0 0 6.536 0 -2 
3 16 6.536 0 2 10 0 0 6 0 0 
2 24 -6.25 -13.23 -6.25 -6.25 -13.23 6.25 
2 24 26.25 -13.23 -6.25 -6.25 -13.23 -6.25 
2 24 -6.25 -13.23 6.25 26.25 -13.23 6.25 
2 24 26.25 -13.23 6.25 26.25 -13.23 -6.25 
2 24 26.25 -13.23 6.25 26.25 0 6.25 
2 24 26.25 0 6.25 26.25 0 -6.25 
2 24 26.25 0 -6.25 26.25 -13.23 -6.25 
2 24 -6.25 -13.23 6.25 -6.25 0 6.25 
2 24 -6.25 0 6.25 26.25 0 6.25 
2 24 -6.25 -13.23 -6.25 -6.25 0 -6.25 
2 24 -6.25 0 -6.25 -6.25 0 6.25 
2 24 26.25 0 -6.25 -6.25 0 -6.25 
2 24 30 0 10 30 0 -10 
2 24 30 0 -10 -10 0 -10 
2 24 -10 0 -10 -10 0 10 
2 24 -10 0 10 30 0 10 
2 24 8 0 3.464 6.536 0 2 
2 24 6.536 -13.23 2 8 -13.23 3.464 
2 24 10 0 4 8 0 3.464 
2 24 8 -13.23 3.464 10 -13.23 4 
2 24 12 0 3.464 10 0 4 
2 24 10 -13.23 4 12 -13.23 3.464 
2 24 13.464 0 2 12 0 3.464 
2 24 12 -13.23 3.464 13.464 -13.23 2 
2 24 14 0 0 13.464 0 2 
2 24 13.464 -13.23 2 14 -13.23 0 
2 24 13.464 0 -2 14 0 0 
2 24 14 -13.23 0 13.464 -13.23 -2 
2 24 12 0 -3.464 13.464 0 -2 
2 24 13.464 -13.23 -2 12 -13.23 -3.464 
2 24 10 0 -4 12 0 -3.464 
2 24 12 -13.23 -3.464 10 -13.23 -4 
2 24 8 0 -3.464 10 0 -4 
2 24 10 -13.23 -4 8 -13.23 -3.464 
2 24 6.536 0 -2 8 0 -3.464 
2 24 8 -13.23 -3.464 6.536 -13.23 -2 
2 24 6 0 0 6.536 0 -2 
2 24 6.536 -13.23 -2 6 -13.23 0 
2 24 6.536 0 2 6 0 0 
2 24 6 -13.23 0 6.536 -13.23 2 

0 // Outside
3 16 2.625 20 -26 2.625 5.27 -26 -6 20 -26 
3 16 -6 20 -26 2.625 5.27 -26 -6 -12.5 -26 
3 16 -6 -12.5 -26 2.625 5.27 -26 17.375 5.27 -26 
3 16 -6 -12.5 -26 17.375 5.27 -26 26 -12.5 -26 
3 16 26 -12.5 -26 17.375 5.27 -26 26 20 -26 
3 16 26 20 -26 17.375 5.27 -26 17.375 20 -26 
3 16 2.625 5.27 -40.75 2.625 20 -40.75 17.375 5.27 -40.75 
3 16 17.375 5.27 -40.75 2.625 20 -40.75 17.375 20 -40.75 
2 24 2.625 20 -26 2.625 5.27 -26 
2 24 -6 20 -26 2.625 20 -26 
2 24 -6 -12.5 -26 -6 20 -26 
2 24 2.625 5.27 -26 17.375 5.27 -26 
2 24 26 -12.5 -26 -6 -12.5 -26 
2 24 26 20 -26 26 -12.5 -26 
2 24 17.375 5.27 -26 17.375 20 -26 
2 24 17.375 20 -26 26 20 -26 
2 24 2.625 5.27 -40.75 2.625 20 -40.75 
2 24 17.375 5.27 -40.75 2.625 5.27 -40.75 
2 24 2.625 20 -40.75 17.375 20 -40.75 
2 24 17.375 20 -40.75 17.375 5.27 -40.75 

