0 FILE 20695pb01.dat
0 Minifigure, Headgear Head Cover, Pumpkin Jack O' Lantern with Green Stem Pattern 
0 Name:  20695pb01.dat
0 Author:  
0 BFC CERTIFY CCW
1 16 0.0000 0.0000 0.0000 1.0000 0.0000 0.0000 0.0000 1.0000 0.0000 0.0000 0.0000 1.0000 20693.dat
3 16 4.864 -7.430 -4.864 5.657 -4.000 -5.657 7.391 -4.000 -3.062
3 16 4.864 -7.430 -4.864 7.391 -4.000 -3.062 6.878 -7.430 0.000
3 16 6.878 -7.430 0.000 7.391 -4.000 -3.062 8.000 -4.000 0.000
3 16 6.878 -7.430 0.000 8.000 -4.000 0.000 7.391 -4.000 3.062
3 16 6.878 -7.430 0.000 7.391 -4.000 3.062 4.864 -7.430 4.864
3 16 4.864 -7.430 4.864 7.391 -4.000 3.062 5.657 -4.000 5.657
3 16 4.864 -7.430 4.864 5.657 -4.000 5.657 3.062 -4.000 7.391
3 16 4.864 -7.430 4.864 3.062 -4.000 7.391 0.000 -7.430 6.878
3 16 0.000 -7.430 6.878 3.062 -4.000 7.391 0.000 -4.000 8.000
3 16 0.000 -7.430 6.878 0.000 -4.000 8.000 -3.062 -4.000 7.391
3 16 0.000 -7.430 6.878 -3.062 -4.000 7.391 -4.864 -7.430 4.864
3 16 -4.864 -7.430 4.864 -3.062 -4.000 7.391 -5.657 -4.000 5.657
3 16 -4.864 -7.430 4.864 -5.657 -4.000 5.657 -7.391 -4.000 3.062
3 16 -4.864 -7.430 4.864 -7.391 -4.000 3.062 -6.879 -7.430 0.000
3 16 -6.879 -7.430 0.000 -7.391 -4.000 3.062 -8.000 -4.000 0.000
3 16 -6.879 -7.430 0.000 -8.000 -4.000 0.000 -7.391 -4.000 -3.062
3 16 -6.879 -7.430 0.000 -7.391 -4.000 -3.062 -4.864 -7.430 -4.864
3 16 -4.864 -7.430 -4.864 -7.391 -4.000 -3.062 -5.657 -4.000 -5.657
3 16 -4.864 -7.430 -4.864 -5.657 -4.000 -5.657 -3.062 -4.000 -7.391
3 16 -4.864 -7.430 -4.864 -3.062 -4.000 -7.391 0.000 -7.430 -6.879
3 16 0.000 -7.430 -6.879 -3.062 -4.000 -7.391 0.000 -4.000 -8.000
3 16 0.000 -7.430 -6.879 0.000 -4.000 -8.000 3.062 -4.000 -7.391
3 16 0.000 -7.430 -6.879 3.062 -4.000 -7.391 4.864 -7.430 -4.864
3 16 4.864 -7.430 -4.864 3.062 -4.000 -7.391 5.657 -4.000 -5.657
2 24 4.864 -7.430 -4.864 6.878 -7.430 0.000
2 24 6.878 -7.430 0.000 4.864 -7.430 4.864
2 24 4.864 -7.430 4.864 0.000 -7.430 6.878
2 24 0.000 -7.430 6.878 -4.864 -7.430 4.864
2 24 -4.864 -7.430 4.864 -6.879 -7.430 0.000
2 24 -6.879 -7.430 0.000 -4.864 -7.430 -4.864
2 24 -4.864 -7.430 -4.864 0.000 -7.430 -6.879
2 24 0.000 -7.430 -6.879 4.864 -7.430 -4.864
3 16 4.481 -8.019 -4.481 4.864 -7.430 -4.864 6.878 -7.430 0.000
3 16 6.878 -7.430 0.000 6.337 -8.019 0.000 4.481 -8.019 -4.481
3 16 2.828 -8.500 -2.828 4.481 -8.019 -4.481 3.696 -8.500 -1.531
3 16 4.481 -8.019 -4.481 6.337 -8.019 0.000 3.696 -8.500 -1.531
3 16 6.337 -8.019 0.000 4.000 -8.500 0.000 3.696 -8.500 -1.531
3 16 6.337 -8.019 0.000 6.878 -7.430 0.000 4.864 -7.430 4.864
3 16 4.864 -7.430 4.864 4.481 -8.019 4.481 6.337 -8.019 0.000
3 16 4.000 -8.500 0.000 6.337 -8.019 0.000 3.696 -8.500 1.531
3 16 6.337 -8.019 0.000 4.481 -8.019 4.481 3.696 -8.500 1.531
3 16 4.481 -8.019 4.481 2.828 -8.500 2.828 3.696 -8.500 1.531
3 16 4.481 -8.019 4.481 4.864 -7.430 4.864 0.000 -7.430 6.878
3 16 0.000 -7.430 6.878 0.000 -8.019 6.337 4.481 -8.019 4.481
3 16 2.828 -8.500 2.828 4.481 -8.019 4.481 1.531 -8.500 3.696
3 16 4.481 -8.019 4.481 0.000 -8.019 6.337 1.531 -8.500 3.696
3 16 0.000 -8.019 6.337 0.000 -8.500 4.000 1.531 -8.500 3.696
3 16 0.000 -8.019 6.337 0.000 -7.430 6.878 -4.864 -7.430 4.864
3 16 -4.864 -7.430 4.864 -4.481 -8.019 4.481 0.000 -8.019 6.337
3 16 0.000 -8.500 4.000 0.000 -8.019 6.337 -1.531 -8.500 3.696
3 16 0.000 -8.019 6.337 -4.481 -8.019 4.481 -1.531 -8.500 3.696
3 16 -4.481 -8.019 4.481 -2.828 -8.500 2.828 -1.531 -8.500 3.696
3 16 -4.481 -8.019 4.481 -4.864 -7.430 4.864 -6.879 -7.430 0.000
3 16 -6.879 -7.430 0.000 -6.337 -8.019 0.000 -4.481 -8.019 4.481
3 16 -2.828 -8.500 2.828 -4.481 -8.019 4.481 -3.696 -8.500 1.531
3 16 -4.481 -8.019 4.481 -6.337 -8.019 0.000 -3.696 -8.500 1.531
3 16 -6.337 -8.019 0.000 -4.000 -8.500 0.000 -3.696 -8.500 1.531
3 16 -6.337 -8.019 0.000 -6.879 -7.430 0.000 -4.864 -7.430 -4.864
3 16 -4.864 -7.430 -4.864 -4.481 -8.019 -4.481 -6.337 -8.019 0.000
3 16 -4.000 -8.500 0.000 -6.337 -8.019 0.000 -3.696 -8.500 -1.531
3 16 -6.337 -8.019 0.000 -4.481 -8.019 -4.481 -3.696 -8.500 -1.531
3 16 -4.481 -8.019 -4.481 -2.828 -8.500 -2.828 -3.696 -8.500 -1.531
3 16 -4.481 -8.019 -4.481 -4.864 -7.430 -4.864 0.000 -7.430 -6.879
3 16 0.000 -7.430 -6.879 0.000 -8.019 -6.337 -4.481 -8.019 -4.481
3 16 -2.828 -8.500 -2.828 -4.481 -8.019 -4.481 -1.531 -8.500 -3.696
3 16 -4.481 -8.019 -4.481 0.000 -8.019 -6.337 -1.531 -8.500 -3.696
3 16 0.000 -8.019 -6.337 0.000 -8.500 -4.000 -1.531 -8.500 -3.696
3 16 0.000 -8.019 -6.337 0.000 -7.430 -6.879 4.864 -7.430 -4.864
3 16 4.864 -7.430 -4.864 4.481 -8.019 -4.481 0.000 -8.019 -6.337
3 16 0.000 -8.500 -4.000 0.000 -8.019 -6.337 1.531 -8.500 -3.696
3 16 0.000 -8.019 -6.337 4.481 -8.019 -4.481 1.531 -8.500 -3.696
3 16 4.481 -8.019 -4.481 2.828 -8.500 -2.828 1.531 -8.500 -3.696
2 24 6.878 -7.430 0.000 6.337 -8.019 0.000
2 24 4.000 -8.500 0.000 6.337 -8.019 0.000
2 24 3.696 -8.500 -1.531 2.828 -8.500 -2.828
2 24 4.000 -8.500 0.000 3.696 -8.500 -1.531
2 24 6.337 -8.019 0.000 4.481 -8.019 -4.481
2 24 4.864 -7.430 4.864 4.481 -8.019 4.481
2 24 2.828 -8.500 2.828 4.481 -8.019 4.481
2 24 3.696 -8.500 1.531 4.000 -8.500 0.000
2 24 2.828 -8.500 2.828 3.696 -8.500 1.531
2 24 4.481 -8.019 4.481 6.337 -8.019 0.000
2 24 0.000 -7.430 6.878 0.000 -8.019 6.337
2 24 0.000 -8.500 4.000 0.000 -8.019 6.337
2 24 1.531 -8.500 3.696 2.828 -8.500 2.828
2 24 0.000 -8.500 4.000 1.531 -8.500 3.696
2 24 0.000 -8.019 6.337 4.481 -8.019 4.481
2 24 -4.864 -7.430 4.864 -4.481 -8.019 4.481
2 24 -2.828 -8.500 2.828 -4.481 -8.019 4.481
2 24 -1.531 -8.500 3.696 0.000 -8.500 4.000
2 24 -2.828 -8.500 2.828 -1.531 -8.500 3.696
2 24 -4.481 -8.019 4.481 0.000 -8.019 6.337
2 24 -6.878 -7.430 0.000 -6.337 -8.019 0.000
2 24 -4.000 -8.500 0.000 -6.337 -8.019 0.000
2 24 -3.696 -8.500 1.531 -2.828 -8.500 2.828
2 24 -4.000 -8.500 0.000 -3.696 -8.500 1.531
2 24 -6.337 -8.019 0.000 -4.481 -8.019 4.481
2 24 -4.864 -7.430 -4.864 -4.481 -8.019 -4.481
2 24 -2.828 -8.500 -2.828 -4.481 -8.019 -4.481
2 24 -3.696 -8.500 -1.531 -4.000 -8.500 0.000
2 24 -2.828 -8.500 -2.828 -3.696 -8.500 -1.531
2 24 -4.481 -8.019 -4.481 -6.337 -8.019 0.000
2 24 0.000 -7.430 -6.878 0.000 -8.019 -6.337
2 24 0.000 -8.500 -4.000 0.000 -8.019 -6.337
2 24 -1.531 -8.500 -3.696 -2.828 -8.500 -2.828
2 24 0.000 -8.500 -4.000 -1.531 -8.500 -3.696
2 24 0.000 -8.019 -6.337 -4.481 -8.019 -4.481
2 24 4.864 -7.430 -4.864 4.481 -8.019 -4.481
2 24 2.828 -8.500 -2.828 4.481 -8.019 -4.481
2 24 1.531 -8.500 -3.696 0.000 -8.500 -4.000
2 24 2.828 -8.500 -2.828 1.531 -8.500 -3.696
2 24 4.481 -8.019 -4.481 0.000 -8.019 -6.337
1 16 0.0000 -18.5000 0.0000 4.0000 0.0000 0.0000 0.0000 10.0000 0.0000 0.0000 0.0000 4.0000 4-4cylc.dat
1 16 0.0000 -8.5000 0.0000 4.0000 0.0000 0.0000 0.0000 1.0000 0.0000 0.0000 0.0000 4.0000 4-4edge.dat
1 16 0.0000 -4.0000 0.0000 1.0000 0.0000 0.0000 0.0000 -1.0000 0.0000 0.0000 0.0000 -1.0000 stud4o.dat
1 16 0.0000 0.0000 0.0000 8.0000 0.0000 0.0000 0.0000 -4.0000 0.0000 0.0000 0.0000 8.0000 4-4cylo.dat
