0 BATTLE DROID LEG (Needs Work)
0 Name: 42687.dat
0 Author: <AuthorRealName> [<AuthorLDrawName>]
0 !LDRAW_ORG Unofficial_Part
0 !LICENSE Redistributable under CCAL version 2.0 : see CAreadme.txt

0 BFC CERTIFY CCW

0 !HISTORY 2013-08-14 {LEGO Digital Designer} Original part shape
0 !HISTORY 2013-08-14 [<AuthorLDrawName>] File preparation for LDraw Parts Tracker

0 // Needs Work: Clean necessary

0 // Outside
3 16 11.054 -6.21 4.471 11.054 -6.144 6.971 8.946 -6.21 4.471 
3 16 11.054 -6.144 6.971 8.946 -6.144 6.971 8.946 -6.21 4.471 
3 16 11.066 -2.509 -0.529 11.054 -2.509 4.462 8.934 -2.509 -0.529 
3 16 11.054 -2.509 4.462 8.946 -2.509 4.462 8.934 -2.509 -0.529 
3 16 11.054 -6.144 6.971 11.054 0 6.971 8.946 -6.144 6.971 
3 16 11.054 0 6.971 8.946 0 6.971 8.946 -6.144 6.971 
3 16 11.054 -2.509 4.462 11.054 -6.21 4.471 8.946 -2.509 4.462 
3 16 11.054 -6.21 4.471 8.946 -6.21 4.471 8.946 -2.509 4.462 
3 16 8.934 -2.509 -0.529 8.934 0 -0.529 11.066 -2.509 -0.529 
3 16 8.934 0 -0.529 11.066 0 -0.529 11.066 -2.509 -0.529 
3 16 0.03 -25.349 -1.783 -0.88 -24.628 -1.063 -0.373 -21.292 -1.738 
3 16 2.631 -24.628 -1.063 1.772 -25.349 -1.783 1.529 -21.292 -1.738 
3 16 -0.373 -21.292 -1.738 1.529 -21.292 -1.738 0.03 -25.349 -1.783 
3 16 1.772 -25.349 -1.783 0.03 -25.349 -1.783 1.529 -21.292 -1.738 
3 16 3.543 -21.15 2.243 3.816 -24.025 1.187 1.529 -21.292 -1.738 
3 16 1.529 -21.292 -1.738 3.816 -24.025 1.187 2.631 -24.628 -1.063 
3 16 -1.186 -21.344 2.253 -0.373 -21.292 -1.738 -1.236 -24.025 1.187 
3 16 -1.236 -24.025 1.187 -0.373 -21.292 -1.738 -0.88 -24.628 -1.063 
3 16 3.004 -22.504 6.687 3.882 -24.628 3.437 3.543 -21.15 2.243 
3 16 3.882 -24.628 3.437 3.816 -24.025 1.187 3.543 -21.15 2.243 
3 16 2.557 -22.804 7.105 3.601 -25.671 4.48 3.004 -22.504 6.687 
3 16 3.601 -25.671 4.48 3.882 -24.628 3.437 3.004 -22.504 6.687 
3 16 2.557 -22.804 7.105 -0.25 -22.804 7.105 3.601 -25.671 4.48 
3 16 3.601 -25.671 4.48 -0.25 -22.804 7.105 -0.598 -25.671 4.48 
3 16 -0.25 -22.804 7.105 -0.712 -22.635 6.504 -0.598 -25.671 4.48 
3 16 -1.153 -24.628 3.437 -0.598 -25.671 4.48 -0.712 -22.635 6.504 
3 16 -1.236 -24.025 1.187 -1.153 -24.628 3.437 -1.186 -21.344 2.253 
3 16 -0.712 -22.635 6.504 -1.186 -21.344 2.253 -1.153 -24.628 3.437 
3 16 -0.818 -14.677 -1.887 1.199 -14.677 -1.887 -0.373 -21.292 -1.738 
3 16 -0.373 -21.292 -1.738 1.199 -14.677 -1.887 1.529 -21.292 -1.738 
3 16 1.199 -14.677 -1.887 3.265 -15.139 2.649 1.529 -21.292 -1.738 
3 16 1.529 -21.292 -1.738 3.265 -15.139 2.649 3.543 -21.15 2.243 
3 16 -0.373 -21.292 -1.738 -1.186 -21.344 2.253 -0.818 -14.677 -1.887 
3 16 -0.818 -14.677 -1.887 -1.186 -21.344 2.253 -1.504 -15.643 2.518 
3 16 3.004 -22.504 6.687 3.543 -21.15 2.243 2.658 -15.81 7.476 
3 16 3.543 -21.15 2.243 3.265 -15.139 2.649 2.658 -15.81 7.476 
3 16 2.557 -22.804 7.105 3.004 -22.504 6.687 2.197 -15.868 7.981 
3 16 3.004 -22.504 6.687 2.658 -15.81 7.476 2.197 -15.868 7.981 
3 16 -0.25 -22.804 7.105 2.557 -22.804 7.105 -0.945 -15.868 7.981 
3 16 2.197 -15.868 7.981 -0.945 -15.868 7.981 2.557 -22.804 7.105 
3 16 -0.25 -22.804 7.105 -0.945 -15.868 7.981 -0.712 -22.635 6.504 
3 16 -0.712 -22.635 6.504 -0.945 -15.868 7.981 -1.422 -16.017 7.073 
3 16 -1.422 -16.017 7.073 -1.504 -15.643 2.518 -0.712 -22.635 6.504 
3 16 -0.712 -22.635 6.504 -1.504 -15.643 2.518 -1.186 -21.344 2.253 
3 16 -1.313 -10.674 -2.213 1.131 -10.674 -2.213 -0.818 -14.677 -1.887 
3 16 1.199 -14.677 -1.887 -0.818 -14.677 -1.887 1.131 -10.674 -2.213 
3 16 1.131 -10.674 -2.213 3.141 -12.882 2.287 1.199 -14.677 -1.887 
3 16 1.199 -14.677 -1.887 3.141 -12.882 2.287 3.265 -15.139 2.649 
3 16 -1.504 -15.643 2.518 -1.753 -13.148 2.042 -0.818 -14.677 -1.887 
3 16 -1.313 -10.674 -2.213 -0.818 -14.677 -1.887 -1.753 -13.148 2.042 
3 16 2.658 -15.81 7.476 3.265 -15.139 2.649 2.685 -13.323 6.688 
3 16 3.265 -15.139 2.649 3.141 -12.882 2.287 2.685 -13.323 6.688 
3 16 2.197 -15.868 7.981 2.658 -15.81 7.476 2.186 -13.275 7.406 
3 16 2.186 -13.275 7.406 2.658 -15.81 7.476 2.685 -13.323 6.688 
3 16 2.197 -15.868 7.981 2.186 -13.275 7.406 -0.945 -15.868 7.981 
3 16 -0.945 -15.868 7.981 2.186 -13.275 7.406 -0.925 -13.275 7.406 
3 16 -0.925 -13.275 7.406 -1.335 -13.498 6.558 -0.945 -15.868 7.981 
3 16 -1.422 -16.017 7.073 -0.945 -15.868 7.981 -1.335 -13.498 6.558 
3 16 -1.422 -16.017 7.073 -1.335 -13.498 6.558 -1.504 -15.643 2.518 
3 16 -1.504 -15.643 2.518 -1.335 -13.498 6.558 -1.753 -13.148 2.042 
3 16 -1.753 -13.148 2.042 -2.146 -11.135 1.193 -1.313 -10.674 -2.213 
3 16 1.131 -10.674 -2.213 2.746 -10.71 1.965 3.141 -12.882 2.287 
3 16 2.685 -13.323 6.688 3.141 -12.882 2.287 2.649 -10.6 4.62 
3 16 3.141 -12.882 2.287 2.746 -10.71 1.965 2.649 -10.6 4.62 
3 16 2.649 -10.6 4.62 2.236 -10.502 5.454 2.685 -13.323 6.688 
3 16 2.186 -13.275 7.406 2.685 -13.323 6.688 2.236 -10.502 5.454 
3 16 -0.925 -13.275 7.406 2.186 -13.275 7.406 -1.451 -10.502 5.454 
3 16 2.236 -10.502 5.454 -1.451 -10.502 5.454 2.186 -13.275 7.406 
3 16 -1.933 -10.678 4.667 -1.335 -13.498 6.558 -1.451 -10.502 5.454 
3 16 -1.335 -13.498 6.558 -0.925 -13.275 7.406 -1.451 -10.502 5.454 
3 16 -1.335 -13.498 6.558 -1.933 -10.678 4.667 -1.753 -13.148 2.042 
3 16 -1.753 -13.148 2.042 -1.933 -10.678 4.667 -2.146 -11.135 1.193 
3 16 -1.313 -10.674 -2.213 -1.937 -8 -3.283 -1.253 -7.522 -4.322 
3 16 -1.842 -7.309 5.456 -2.432 -8.024 4.353 -1.451 -10.502 5.454 
3 16 -2.432 -8.024 4.353 -1.933 -10.678 4.667 -1.451 -10.502 5.454 
3 16 1.739 -7.309 5.456 -1.842 -7.309 5.456 2.236 -10.502 5.454 
3 16 -1.842 -7.309 5.456 -1.451 -10.502 5.454 2.236 -10.502 5.454 
3 16 2.236 -10.502 5.454 2.649 -10.6 4.62 1.739 -7.309 5.456 
3 16 1.739 -7.309 5.456 2.649 -10.6 4.62 2.22 -8.007 4.376 
3 16 2.36 -8.032 1.449 2.22 -8.007 4.376 2.746 -10.71 1.965 
3 16 2.649 -10.6 4.62 2.746 -10.71 1.965 2.22 -8.007 4.376 
3 16 2.36 -8.032 1.449 2.746 -10.71 1.965 0.982 -8 -3.283 
3 16 2.746 -10.71 1.965 1.131 -10.674 -2.213 0.982 -8 -3.283 
3 16 1.131 -10.674 -2.213 0.255 -7.531 -4.313 0.982 -8 -3.283 
3 16 -1.253 -7.522 -4.322 0.255 -7.531 -4.313 -1.313 -10.674 -2.213 
3 16 -1.313 -10.674 -2.213 0.255 -7.531 -4.313 1.131 -10.674 -2.213 
3 16 -2.146 -11.135 1.193 -1.933 -10.678 4.667 -2.756 -8.082 1.951 
3 16 -1.933 -10.678 4.667 -2.432 -8.024 4.353 -2.756 -8.082 1.951 
3 16 -2.756 -8.082 1.951 -2.436 -8.047 -1.924 -2.146 -11.135 1.193 
3 16 -1.313 -10.674 -2.213 -2.146 -11.135 1.193 -2.436 -8.047 -1.924 
3 16 -1.313 -10.674 -2.213 -2.436 -8.047 -1.924 -1.937 -8 -3.283 
3 16 -5.575 -8.957 1.553 -2.575 -9.027 1.677 -5.596 -8.02 1.841 
3 16 -2.575 -9.027 1.677 -2.753 -8.082 1.951 -5.596 -8.02 1.841 
3 16 -5.575 -9.617 0.871 -2.384 -9.678 0.919 -5.575 -8.957 1.553 
3 16 -2.384 -9.678 0.919 -2.575 -9.027 1.677 -5.575 -8.957 1.553 
3 16 -2.384 -9.678 0.919 -5.575 -9.617 0.871 -2.255 -9.917 -0.109 
3 16 -2.255 -9.917 -0.109 -5.575 -9.617 0.871 -5.575 -9.851 -0.07 
3 16 -2.255 -9.917 -0.109 -5.575 -9.851 -0.07 -2.082 -9.571 -1.106 
3 16 -2.082 -9.571 -1.106 -5.575 -9.851 -0.07 -5.575 -9.539 -1.055 
3 16 -2.082 -9.571 -1.106 -5.575 -9.539 -1.055 -2.156 -8.933 -1.674 
3 16 -2.156 -8.933 -1.674 -5.575 -9.539 -1.055 -5.575 -8.982 -1.595 
3 16 -2.156 -8.933 -1.674 -5.575 -8.982 -1.595 -2.436 -8.047 -1.924 
3 16 -5.595 -8.02 -1.9 -2.436 -8.047 -1.924 -5.575 -8.982 -1.595 
3 16 -5.575 -8.982 -1.595 -5.575 -8.957 1.553 -5.595 -8.02 -1.9 
3 16 -5.595 -8.02 -1.9 -5.575 -8.957 1.553 -5.596 -8.02 1.841 
3 16 -5.575 -8.957 1.553 -5.575 -8.982 -1.595 -5.575 -9.617 0.871 
3 16 -5.575 -8.982 -1.595 -5.575 -9.539 -1.055 -5.575 -9.617 0.871 
3 16 -5.575 -9.617 0.871 -5.575 -9.539 -1.055 -5.575 -9.851 -0.07 
3 16 -9.084 -6.144 6.971 -9.078 -8 4.334 8.946 -8 4.346 
3 16 -9.084 -6.144 6.971 8.946 -8 4.346 8.946 -6.144 6.971 
3 16 6.313 -5.3 6.971 -6.197 -5.3 6.971 8.946 -6.144 6.971 
3 16 -6.197 -5.3 6.971 -9.084 -6.144 6.971 8.946 -6.144 6.971 
3 16 -8.491 -8 -3.283 8.263 -8 -3.283 -9.084 -8 -0.504 
3 16 8.946 -8 4.346 -9.084 -8 -0.504 8.934 -8 -0.529 
3 16 8.263 -8 -3.283 8.934 -8 -0.529 -9.084 -8 -0.504 
3 16 -9.078 -8 4.334 -9.084 -8 -0.504 8.946 -8 4.346 
3 16 -8.491 -8 -3.283 5.64 -6.281 -7.151 8.263 -8 -3.283 
3 16 -8.491 -8 -3.283 -6.265 -6.352 -6.877 5.64 -6.281 -7.151 
3 16 -6.265 -6.352 -6.877 -2.546 -5 -9.829 2.454 -5 -9.829 
3 16 -6.265 -6.352 -6.877 2.454 -5 -9.829 5.64 -6.281 -7.151 
3 16 8.223 0 -3.31 8.934 0 -0.529 8.263 -8 -3.283 
3 16 8.946 0 6.971 8.946 -8 4.346 8.934 0 -0.529 
3 16 8.934 -8 -0.529 8.263 -8 -3.283 8.934 0 -0.529 
3 16 -9.084 0 6.971 -9.078 -8 4.334 -9.084 -6.144 6.971 
3 16 -9.084 -8 -0.504 -9.078 -8 4.334 -9.084 0 -0.504 
3 16 -9.078 -8 4.334 -9.084 0 6.971 -9.084 0 -0.504 
3 16 -8.491 -8 -3.283 -9.084 -8 -0.504 -8.491 0 -3.283 
3 16 -8.491 0 -3.283 -9.084 -8 -0.504 -9.084 0 -0.504 
3 16 -8.491 0 -3.283 -6.265 0 -6.877 -8.491 -8 -3.283 
3 16 -6.265 -6.352 -6.877 -8.491 -8 -3.283 -6.265 0 -6.877 
3 16 -6.265 0 -6.877 -2.546 0 -9.829 -6.265 -6.352 -6.877 
3 16 -6.265 -6.352 -6.877 -2.546 0 -9.829 -2.546 -5 -9.829 
3 16 2.454 -5 -9.829 -2.546 -5 -9.829 2.454 0 -9.829 
3 16 -2.546 -5 -9.829 -2.546 0 -9.829 2.454 0 -9.829 
3 16 5.64 -6.281 -7.151 2.454 -5 -9.829 5.64 0 -7.151 
3 16 5.64 0 -7.151 2.454 -5 -9.829 2.454 0 -9.829 
3 16 8.263 -8 -3.283 5.64 -6.281 -7.151 8.223 0 -3.31 
3 16 8.223 0 -3.31 5.64 -6.281 -7.151 5.64 0 -7.151 
3 16 8.946 -6.144 6.971 8.946 0 6.971 6.313 -5.3 6.971 
3 16 6.313 -5.3 6.971 8.946 0 6.971 6.311 0 6.971 
3 16 -6.197 0 6.971 -9.084 0 6.971 -6.197 -5.3 6.971 
3 16 -6.197 -5.3 6.971 -9.084 0 6.971 -9.084 -6.144 6.971 
3 16 8.946 -6.144 6.971 8.946 -8 4.346 8.946 0 6.971 
3 16 8.946 -8 4.346 8.934 -8 -0.529 8.934 0 -0.529 
3 16 -1.446 -32.422 3.437 4.56 -32.422 3.437 -1.446 -30.775 5.084 
3 16 -1.446 -30.775 5.084 4.56 -32.422 3.437 4.56 -30.775 5.084 
3 16 -1.446 -30.775 5.084 4.56 -30.775 5.084 -1.446 -28.525 5.687 
3 16 -1.446 -28.525 5.687 4.56 -30.775 5.084 4.56 -28.525 5.687 
3 16 -1.446 -28.525 5.687 4.56 -28.525 5.687 -1.446 -26.275 5.084 
3 16 -1.446 -26.275 5.084 4.56 -28.525 5.687 4.56 -26.275 5.084 
3 16 -1.446 -26.275 5.084 4.56 -26.275 5.084 -1.446 -24.628 3.437 
3 16 -1.446 -24.628 3.437 4.56 -26.275 5.084 4.56 -24.628 3.437 
3 16 -1.446 -24.628 3.437 4.56 -24.628 3.437 -1.446 -24.025 1.187 
3 16 -1.446 -24.025 1.187 4.56 -24.628 3.437 4.56 -24.025 1.187 
3 16 -1.446 -24.025 1.187 4.56 -24.025 1.187 -1.446 -24.628 -1.063 
3 16 -1.446 -24.628 -1.063 4.56 -24.025 1.187 4.56 -24.628 -1.063 
3 16 -1.446 -24.628 -1.063 4.56 -24.628 -1.063 -1.446 -26.275 -2.71 
3 16 -1.446 -26.275 -2.71 4.56 -24.628 -1.063 4.56 -26.275 -2.71 
3 16 -1.446 -26.275 -2.71 4.56 -26.275 -2.71 -1.446 -28.525 -3.313 
3 16 -1.446 -28.525 -3.313 4.56 -26.275 -2.71 4.56 -28.525 -3.313 
3 16 -1.446 -28.525 -3.313 4.56 -28.525 -3.313 -1.446 -30.775 -2.71 
3 16 -1.446 -30.775 -2.71 4.56 -28.525 -3.313 4.56 -30.775 -2.71 
3 16 -1.446 -30.775 -2.71 4.56 -30.775 -2.71 -1.446 -32.422 -1.063 
3 16 -1.446 -32.422 -1.063 4.56 -30.775 -2.71 4.56 -32.422 -1.063 
3 16 -1.446 -32.422 -1.063 4.56 -32.422 -1.063 -1.446 -33.025 1.187 
3 16 -1.446 -33.025 1.187 4.56 -32.422 -1.063 4.56 -33.025 1.187 
3 16 -1.446 -33.025 1.187 4.56 -33.025 1.187 -1.446 -32.422 3.437 
3 16 -1.446 -32.422 3.437 4.56 -33.025 1.187 4.56 -32.422 3.437 
3 16 -1.446 -30.775 5.084 -1.446 -28.525 1.187 -1.446 -32.422 3.437 
3 16 -1.446 -28.525 5.687 -1.446 -28.525 1.187 -1.446 -30.775 5.084 
3 16 -1.446 -26.275 5.084 -1.446 -28.525 1.187 -1.446 -28.525 5.687 
3 16 -1.446 -24.628 3.437 -1.446 -28.525 1.187 -1.446 -26.275 5.084 
3 16 -1.446 -24.025 1.187 -1.446 -28.525 1.187 -1.446 -24.628 3.437 
3 16 -1.446 -24.628 -1.063 -1.446 -28.525 1.187 -1.446 -24.025 1.187 
3 16 -1.446 -26.275 -2.71 -1.446 -28.525 1.187 -1.446 -24.628 -1.063 
3 16 -1.446 -28.525 -3.313 -1.446 -28.525 1.187 -1.446 -26.275 -2.71 
3 16 -1.446 -30.775 -2.71 -1.446 -28.525 1.187 -1.446 -28.525 -3.313 
3 16 -1.446 -32.422 -1.063 -1.446 -28.525 1.187 -1.446 -30.775 -2.71 
3 16 -1.446 -33.025 1.187 -1.446 -28.525 1.187 -1.446 -32.422 -1.063 
3 16 -1.446 -32.422 3.437 -1.446 -28.525 1.187 -1.446 -33.025 1.187 
3 16 4.56 -32.422 3.437 4.56 -28.525 1.187 4.56 -30.775 5.084 
3 16 4.56 -30.775 5.084 4.56 -28.525 1.187 4.56 -28.525 5.687 
3 16 4.56 -28.525 5.687 4.56 -28.525 1.187 4.56 -26.275 5.084 
3 16 4.56 -26.275 5.084 4.56 -28.525 1.187 4.56 -24.628 3.437 
3 16 4.56 -24.628 3.437 4.56 -28.525 1.187 4.56 -24.025 1.187 
3 16 4.56 -24.025 1.187 4.56 -28.525 1.187 4.56 -24.628 -1.063 
3 16 4.56 -24.628 -1.063 4.56 -28.525 1.187 4.56 -26.275 -2.71 
3 16 4.56 -26.275 -2.71 4.56 -28.525 1.187 4.56 -28.525 -3.313 
3 16 4.56 -28.525 -3.313 4.56 -28.525 1.187 4.56 -30.775 -2.71 
3 16 4.56 -30.775 -2.71 4.56 -28.525 1.187 4.56 -32.422 -1.063 
3 16 4.56 -32.422 -1.063 4.56 -28.525 1.187 4.56 -33.025 1.187 
3 16 4.56 -33.025 1.187 4.56 -28.525 1.187 4.56 -32.422 3.437 
3 16 19.97 -25.349 -1.783 20.373 -21.292 -1.738 20.88 -24.628 -1.063 
3 16 17.369 -24.628 -1.063 18.471 -21.292 -1.738 18.228 -25.349 -1.783 
3 16 20.373 -21.292 -1.738 19.97 -25.349 -1.783 18.471 -21.292 -1.738 
3 16 18.228 -25.349 -1.783 18.471 -21.292 -1.738 19.97 -25.349 -1.783 
3 16 16.457 -21.15 2.243 18.471 -21.292 -1.738 16.184 -24.025 1.187 
3 16 18.471 -21.292 -1.738 17.369 -24.628 -1.063 16.184 -24.025 1.187 
3 16 21.186 -21.344 2.253 21.236 -24.025 1.187 20.373 -21.292 -1.738 
3 16 21.236 -24.025 1.187 20.88 -24.628 -1.063 20.373 -21.292 -1.738 
3 16 16.996 -22.504 6.687 16.457 -21.15 2.243 16.118 -24.628 3.437 
3 16 16.118 -24.628 3.437 16.457 -21.15 2.243 16.184 -24.025 1.187 
3 16 17.443 -22.804 7.105 16.996 -22.504 6.687 16.399 -25.671 4.48 
3 16 16.399 -25.671 4.48 16.996 -22.504 6.687 16.118 -24.628 3.437 
3 16 17.443 -22.804 7.105 16.399 -25.671 4.48 20.25 -22.804 7.105 
3 16 16.399 -25.671 4.48 20.598 -25.671 4.48 20.25 -22.804 7.105 
3 16 20.25 -22.804 7.105 20.598 -25.671 4.48 20.712 -22.635 6.504 
3 16 21.153 -24.628 3.437 20.712 -22.635 6.504 20.598 -25.671 4.48 
3 16 21.236 -24.025 1.187 21.186 -21.344 2.253 21.153 -24.628 3.437 
3 16 20.712 -22.635 6.504 21.153 -24.628 3.437 21.186 -21.344 2.253 
3 16 20.818 -14.677 -1.887 20.373 -21.292 -1.738 18.801 -14.677 -1.887 
3 16 20.373 -21.292 -1.738 18.471 -21.292 -1.738 18.801 -14.677 -1.887 
3 16 18.801 -14.677 -1.887 18.471 -21.292 -1.738 16.735 -15.139 2.649 
3 16 18.471 -21.292 -1.738 16.457 -21.15 2.243 16.735 -15.139 2.649 
3 16 20.373 -21.292 -1.738 20.818 -14.677 -1.887 21.186 -21.344 2.253 
3 16 20.818 -14.677 -1.887 21.504 -15.643 2.518 21.186 -21.344 2.253 
3 16 16.996 -22.504 6.687 17.342 -15.81 7.476 16.457 -21.15 2.243 
3 16 16.457 -21.15 2.243 17.342 -15.81 7.476 16.735 -15.139 2.649 
3 16 17.443 -22.804 7.105 17.803 -15.868 7.981 16.996 -22.504 6.687 
3 16 16.996 -22.504 6.687 17.803 -15.868 7.981 17.342 -15.81 7.476 
3 16 20.25 -22.804 7.105 20.945 -15.868 7.981 17.443 -22.804 7.105 
3 16 17.803 -15.868 7.981 17.443 -22.804 7.105 20.945 -15.868 7.981 
3 16 20.25 -22.804 7.105 20.712 -22.635 6.504 20.945 -15.868 7.981 
3 16 20.712 -22.635 6.504 21.422 -16.017 7.073 20.945 -15.868 7.981 
3 16 21.422 -16.017 7.073 20.712 -22.635 6.504 21.504 -15.643 2.518 
3 16 20.712 -22.635 6.504 21.186 -21.344 2.253 21.504 -15.643 2.518 
3 16 21.313 -10.674 -2.213 20.818 -14.677 -1.887 18.869 -10.674 -2.213 
3 16 18.801 -14.677 -1.887 18.869 -10.674 -2.213 20.818 -14.677 -1.887 
3 16 18.869 -10.674 -2.213 18.801 -14.677 -1.887 16.859 -12.882 2.287 
3 16 18.801 -14.677 -1.887 16.735 -15.139 2.649 16.859 -12.882 2.287 
3 16 21.504 -15.643 2.518 20.818 -14.677 -1.887 21.753 -13.148 2.042 
3 16 21.313 -10.674 -2.213 21.753 -13.148 2.042 20.818 -14.677 -1.887 
3 16 17.342 -15.81 7.476 17.315 -13.323 6.688 16.735 -15.139 2.649 
3 16 16.735 -15.139 2.649 17.315 -13.323 6.688 16.859 -12.882 2.287 
3 16 17.803 -15.868 7.981 17.814 -13.275 7.406 17.342 -15.81 7.476 
3 16 17.814 -13.275 7.406 17.315 -13.323 6.688 17.342 -15.81 7.476 
3 16 17.803 -15.868 7.981 20.945 -15.868 7.981 17.814 -13.275 7.406 
3 16 20.945 -15.868 7.981 20.925 -13.275 7.406 17.814 -13.275 7.406 
3 16 20.925 -13.275 7.406 20.945 -15.868 7.981 21.335 -13.498 6.558 
3 16 21.422 -16.017 7.073 21.335 -13.498 6.558 20.945 -15.868 7.981 
3 16 21.422 -16.017 7.073 21.504 -15.643 2.518 21.335 -13.498 6.558 
3 16 21.504 -15.643 2.518 21.753 -13.148 2.042 21.335 -13.498 6.558 
3 16 21.753 -13.148 2.042 21.313 -10.674 -2.213 22.146 -11.135 1.193 
3 16 18.869 -10.674 -2.213 16.859 -12.882 2.287 17.254 -10.71 1.965 
3 16 17.315 -13.323 6.688 17.351 -10.6 4.62 16.859 -12.882 2.287 
3 16 16.859 -12.882 2.287 17.351 -10.6 4.62 17.254 -10.71 1.965 
3 16 17.351 -10.6 4.62 17.315 -13.323 6.688 17.764 -10.502 5.454 
3 16 17.814 -13.275 7.406 17.764 -10.502 5.454 17.315 -13.323 6.688 
3 16 20.925 -13.275 7.406 21.451 -10.502 5.454 17.814 -13.275 7.406 
3 16 17.764 -10.502 5.454 17.814 -13.275 7.406 21.451 -10.502 5.454 
3 16 21.933 -10.678 4.667 21.451 -10.502 5.454 21.335 -13.498 6.558 
3 16 21.335 -13.498 6.558 21.451 -10.502 5.454 20.925 -13.275 7.406 
3 16 21.335 -13.498 6.558 21.753 -13.148 2.042 21.933 -10.678 4.667 
3 16 21.753 -13.148 2.042 22.146 -11.135 1.193 21.933 -10.678 4.667 
3 16 21.313 -10.674 -2.213 21.253 -7.522 -4.322 21.937 -8 -3.283 
3 16 21.842 -7.309 5.456 21.451 -10.502 5.454 22.432 -8.024 4.353 
3 16 22.432 -8.024 4.353 21.451 -10.502 5.454 21.933 -10.678 4.667 
3 16 18.261 -7.309 5.456 17.764 -10.502 5.454 21.842 -7.309 5.456 
3 16 21.842 -7.309 5.456 17.764 -10.502 5.454 21.451 -10.502 5.454 
3 16 17.764 -10.502 5.454 18.261 -7.309 5.456 17.351 -10.6 4.62 
3 16 18.261 -7.309 5.456 17.78 -8.007 4.376 17.351 -10.6 4.62 
3 16 17.64 -8.032 1.449 17.254 -10.71 1.965 17.78 -8.007 4.376 
3 16 17.351 -10.6 4.62 17.78 -8.007 4.376 17.254 -10.71 1.965 
3 16 17.64 -8.032 1.449 19.018 -8 -3.283 17.254 -10.71 1.965 
3 16 17.254 -10.71 1.965 19.018 -8 -3.283 18.869 -10.674 -2.213 
3 16 18.869 -10.674 -2.213 19.018 -8 -3.283 19.745 -7.531 -4.313 
3 16 21.253 -7.522 -4.322 21.313 -10.674 -2.213 19.745 -7.531 -4.313 
3 16 21.313 -10.674 -2.213 18.869 -10.674 -2.213 19.745 -7.531 -4.313 
3 16 22.146 -11.135 1.193 22.756 -8.082 1.951 21.933 -10.678 4.667 
3 16 21.933 -10.678 4.667 22.756 -8.082 1.951 22.432 -8.024 4.353 
3 16 22.756 -8.082 1.951 22.146 -11.135 1.193 22.436 -8.047 -1.924 
3 16 21.313 -10.674 -2.213 22.436 -8.047 -1.924 22.146 -11.135 1.193 
3 16 21.313 -10.674 -2.213 21.937 -8 -3.283 22.436 -8.047 -1.924 
3 16 25.575 -8.957 1.553 25.596 -8.02 1.841 22.575 -9.027 1.677 
3 16 22.575 -9.027 1.677 25.596 -8.02 1.841 22.753 -8.082 1.951 
3 16 25.575 -9.617 0.871 25.575 -8.957 1.553 22.384 -9.678 0.919 
3 16 22.384 -9.678 0.919 25.575 -8.957 1.553 22.575 -9.027 1.677 
3 16 22.384 -9.678 0.919 22.255 -9.917 -0.109 25.575 -9.617 0.871 
3 16 22.255 -9.917 -0.109 25.575 -9.851 -0.07 25.575 -9.617 0.871 
3 16 22.255 -9.917 -0.109 22.082 -9.571 -1.106 25.575 -9.851 -0.07 
3 16 22.082 -9.571 -1.106 25.575 -9.539 -1.055 25.575 -9.851 -0.07 
3 16 22.082 -9.571 -1.106 22.156 -8.933 -1.674 25.575 -9.539 -1.055 
3 16 22.156 -8.933 -1.674 25.575 -8.982 -1.595 25.575 -9.539 -1.055 
3 16 22.156 -8.933 -1.674 22.436 -8.047 -1.924 25.575 -8.982 -1.595 
3 16 25.595 -8.02 -1.9 25.575 -8.982 -1.595 22.436 -8.047 -1.924 
3 16 25.575 -8.982 -1.595 25.595 -8.02 -1.9 25.575 -8.957 1.553 
3 16 25.595 -8.02 -1.9 25.596 -8.02 1.841 25.575 -8.957 1.553 
3 16 25.575 -8.957 1.553 25.575 -9.617 0.871 25.575 -8.982 -1.595 
3 16 25.575 -8.982 -1.595 25.575 -9.617 0.871 25.575 -9.539 -1.055 
3 16 25.575 -9.617 0.871 25.575 -9.851 -0.07 25.575 -9.539 -1.055 
3 16 29.084 -6.144 6.971 11.054 -8 4.346 29.078 -8 4.334 
3 16 29.084 -6.144 6.971 11.054 -6.144 6.971 11.054 -8 4.346 
3 16 13.687 -5.3 6.971 11.054 -6.144 6.971 26.197 -5.3 6.971 
3 16 26.197 -5.3 6.971 11.054 -6.144 6.971 29.084 -6.144 6.971 
3 16 28.491 -8 -3.283 29.084 -8 -0.504 11.737 -8 -3.283 
3 16 11.054 -8 4.346 11.066 -8 -0.529 29.084 -8 -0.504 
3 16 11.737 -8 -3.283 29.084 -8 -0.504 11.066 -8 -0.529 
3 16 29.078 -8 4.334 11.054 -8 4.346 29.084 -8 -0.504 
3 16 28.491 -8 -3.283 11.737 -8 -3.283 14.36 -6.281 -7.151 
3 16 28.491 -8 -3.283 14.36 -6.281 -7.151 26.265 -6.352 -6.877 
3 16 26.265 -6.352 -6.877 17.546 -5 -9.829 22.546 -5 -9.829 
3 16 26.265 -6.352 -6.877 14.36 -6.281 -7.151 17.546 -5 -9.829 
3 16 11.777 0 -3.31 11.737 -8 -3.283 11.066 0 -0.529 
3 16 11.054 0 6.971 11.066 0 -0.529 11.054 -8 4.346 
3 16 11.066 -8 -0.529 11.066 0 -0.529 11.737 -8 -3.283 
3 16 29.084 0 6.971 29.084 -6.144 6.971 29.078 -8 4.334 
3 16 29.084 -8 -0.504 29.084 0 -0.504 29.078 -8 4.334 
3 16 29.078 -8 4.334 29.084 0 -0.504 29.084 0 6.971 
3 16 28.491 -8 -3.283 28.491 0 -3.283 29.084 -8 -0.504 
3 16 28.491 0 -3.283 29.084 0 -0.504 29.084 -8 -0.504 
3 16 28.491 0 -3.283 28.491 -8 -3.283 26.265 0 -6.877 
3 16 26.265 -6.352 -6.877 26.265 0 -6.877 28.491 -8 -3.283 
3 16 26.265 0 -6.877 26.265 -6.352 -6.877 22.546 0 -9.829 
3 16 26.265 -6.352 -6.877 22.546 -5 -9.829 22.546 0 -9.829 
3 16 17.546 -5 -9.829 17.546 0 -9.829 22.546 -5 -9.829 
3 16 22.546 -5 -9.829 17.546 0 -9.829 22.546 0 -9.829 
3 16 14.36 -6.281 -7.151 14.36 0 -7.151 17.546 -5 -9.829 
3 16 14.36 0 -7.151 17.546 0 -9.829 17.546 -5 -9.829 
3 16 11.737 -8 -3.283 11.777 0 -3.31 14.36 -6.281 -7.151 
3 16 11.777 0 -3.31 14.36 0 -7.151 14.36 -6.281 -7.151 
3 16 11.054 -6.144 6.971 13.687 -5.3 6.971 11.054 0 6.971 
3 16 13.687 -5.3 6.971 13.689 0 6.971 11.054 0 6.971 
3 16 26.197 0 6.971 26.197 -5.3 6.971 29.084 0 6.971 
3 16 26.197 -5.3 6.971 29.084 -6.144 6.971 29.084 0 6.971 
3 16 11.054 -6.144 6.971 11.054 0 6.971 11.054 -8 4.346 
3 16 11.054 -8 4.346 11.066 0 -0.529 11.066 -8 -0.529 
3 16 21.446 -32.422 3.437 21.446 -30.775 5.084 15.44 -32.422 3.437 
3 16 21.446 -30.775 5.084 15.44 -30.775 5.084 15.44 -32.422 3.437 
3 16 21.446 -30.775 5.084 21.446 -28.525 5.687 15.44 -30.775 5.084 
3 16 21.446 -28.525 5.687 15.44 -28.525 5.687 15.44 -30.775 5.084 
3 16 21.446 -28.525 5.687 21.446 -26.275 5.084 15.44 -28.525 5.687 
3 16 21.446 -26.275 5.084 15.44 -26.275 5.084 15.44 -28.525 5.687 
3 16 21.446 -26.275 5.084 21.446 -24.628 3.437 15.44 -26.275 5.084 
3 16 21.446 -24.628 3.437 15.44 -24.628 3.437 15.44 -26.275 5.084 
3 16 21.446 -24.628 3.437 21.446 -24.025 1.187 15.44 -24.628 3.437 
3 16 21.446 -24.025 1.187 15.44 -24.025 1.187 15.44 -24.628 3.437 
3 16 21.446 -24.025 1.187 21.446 -24.628 -1.063 15.44 -24.025 1.187 
3 16 21.446 -24.628 -1.063 15.44 -24.628 -1.063 15.44 -24.025 1.187 
3 16 21.446 -24.628 -1.063 21.446 -26.275 -2.71 15.44 -24.628 -1.063 
3 16 21.446 -26.275 -2.71 15.44 -26.275 -2.71 15.44 -24.628 -1.063 
3 16 21.446 -26.275 -2.71 21.446 -28.525 -3.313 15.44 -26.275 -2.71 
3 16 21.446 -28.525 -3.313 15.44 -28.525 -3.313 15.44 -26.275 -2.71 
3 16 21.446 -28.525 -3.313 21.446 -30.775 -2.71 15.44 -28.525 -3.313 
3 16 21.446 -30.775 -2.71 15.44 -30.775 -2.71 15.44 -28.525 -3.313 
3 16 21.446 -30.775 -2.71 21.446 -32.422 -1.063 15.44 -30.775 -2.71 
3 16 21.446 -32.422 -1.063 15.44 -32.422 -1.063 15.44 -30.775 -2.71 
3 16 21.446 -32.422 -1.063 21.446 -33.025 1.187 15.44 -32.422 -1.063 
3 16 21.446 -33.025 1.187 15.44 -33.025 1.187 15.44 -32.422 -1.063 
3 16 21.446 -33.025 1.187 21.446 -32.422 3.437 15.44 -33.025 1.187 
3 16 21.446 -32.422 3.437 15.44 -32.422 3.437 15.44 -33.025 1.187 
3 16 21.446 -30.775 5.084 21.446 -32.422 3.437 21.446 -28.525 1.187 
3 16 21.446 -28.525 5.687 21.446 -30.775 5.084 21.446 -28.525 1.187 
3 16 21.446 -26.275 5.084 21.446 -28.525 5.687 21.446 -28.525 1.187 
3 16 21.446 -24.628 3.437 21.446 -26.275 5.084 21.446 -28.525 1.187 
3 16 21.446 -24.025 1.187 21.446 -24.628 3.437 21.446 -28.525 1.187 
3 16 21.446 -24.628 -1.063 21.446 -24.025 1.187 21.446 -28.525 1.187 
3 16 21.446 -26.275 -2.71 21.446 -24.628 -1.063 21.446 -28.525 1.187 
3 16 21.446 -28.525 -3.313 21.446 -26.275 -2.71 21.446 -28.525 1.187 
3 16 21.446 -30.775 -2.71 21.446 -28.525 -3.313 21.446 -28.525 1.187 
3 16 21.446 -32.422 -1.063 21.446 -30.775 -2.71 21.446 -28.525 1.187 
3 16 21.446 -33.025 1.187 21.446 -32.422 -1.063 21.446 -28.525 1.187 
3 16 21.446 -32.422 3.437 21.446 -33.025 1.187 21.446 -28.525 1.187 
3 16 15.44 -32.422 3.437 15.44 -30.775 5.084 15.44 -28.525 1.187 
3 16 15.44 -30.775 5.084 15.44 -28.525 5.687 15.44 -28.525 1.187 
3 16 15.44 -28.525 5.687 15.44 -26.275 5.084 15.44 -28.525 1.187 
3 16 15.44 -26.275 5.084 15.44 -24.628 3.437 15.44 -28.525 1.187 
3 16 15.44 -24.628 3.437 15.44 -24.025 1.187 15.44 -28.525 1.187 
3 16 15.44 -24.025 1.187 15.44 -24.628 -1.063 15.44 -28.525 1.187 
3 16 15.44 -24.628 -1.063 15.44 -26.275 -2.71 15.44 -28.525 1.187 
3 16 15.44 -26.275 -2.71 15.44 -28.525 -3.313 15.44 -28.525 1.187 
3 16 15.44 -28.525 -3.313 15.44 -30.775 -2.71 15.44 -28.525 1.187 
3 16 15.44 -30.775 -2.71 15.44 -32.422 -1.063 15.44 -28.525 1.187 
3 16 15.44 -32.422 -1.063 15.44 -33.025 1.187 15.44 -28.525 1.187 
3 16 15.44 -33.025 1.187 15.44 -32.422 3.437 15.44 -28.525 1.187 
3 16 3.373 -31.517 -1.999 3.637 -32.422 -1.063 3.635 -35.753 -4.134 
3 16 3.903 -36.542 -2.284 3.635 -35.753 -4.134 3.637 -32.422 -1.063 
3 16 0.505 -35.766 -4.284 3.635 -35.753 -4.134 1.55 -44.168 -6.538 
3 16 1.55 -44.168 -6.538 3.635 -35.753 -4.134 4.239 -44.157 -6.409 
3 16 3.635 -35.753 -4.134 3.903 -36.542 -2.284 4.239 -44.157 -6.409 
3 16 4.478 -44.389 -4.348 4.239 -44.157 -6.409 3.903 -36.542 -2.284 
3 16 1.55 -44.168 -6.538 -0.551 -44.673 -3.339 0.505 -35.766 -4.284 
3 16 -0.551 -44.673 -3.339 -0.562 -37.035 -1.555 0.505 -35.766 -4.284 
3 16 -0.798 -37.844 1.346 -0.956 -33.025 1.187 -0.562 -37.035 -1.555 
3 16 -0.551 -44.673 -3.339 -1.187 -45.101 1.243 -0.562 -37.035 -1.555 
3 16 -1.187 -45.101 1.243 -0.798 -37.844 1.346 -0.562 -37.035 -1.555 
3 16 4.621 -49.855 -6.336 2.036 -49.718 -6.542 4.239 -44.157 -6.409 
3 16 4.239 -44.157 -6.409 2.036 -49.718 -6.542 1.55 -44.168 -6.538 
3 16 4.239 -44.157 -6.409 4.478 -44.389 -4.348 4.621 -49.855 -6.336 
3 16 4.621 -49.855 -6.336 4.478 -44.389 -4.348 4.887 -49.96 -4.615 
3 16 2.036 -49.718 -6.542 -0.388 -50 -3.568 1.55 -44.168 -6.538 
3 16 1.55 -44.168 -6.538 -0.388 -50 -3.568 -0.551 -44.673 -3.339 
3 16 -0.388 -50 -3.568 -1.2 -50.177 0.995 -0.551 -44.673 -3.339 
3 16 -0.551 -44.673 -3.339 -1.2 -50.177 0.995 -1.187 -45.101 1.243 
3 16 3.637 -32.422 -1.063 4.679 -36.703 -0.945 3.903 -36.542 -2.284 
3 16 3.637 -32.422 -1.063 3.696 -33.025 1.187 4.679 -36.703 -0.945 
3 16 4.679 -36.703 -0.945 3.696 -33.025 1.187 4.853 -36.827 0.781 
3 16 4.478 -44.389 -4.348 3.903 -36.542 -2.284 6.197 -44.221 -3.293 
3 16 4.679 -36.703 -0.945 6.197 -44.221 -3.293 3.903 -36.542 -2.284 
3 16 4.853 -36.827 0.781 6.957 -44.391 -1.447 4.679 -36.703 -0.945 
3 16 4.679 -36.703 -0.945 6.957 -44.391 -1.447 6.197 -44.221 -3.293 
3 16 6.197 -44.221 -3.293 6.663 -49.017 -4.001 4.478 -44.389 -4.348 
3 16 6.663 -49.017 -4.001 4.887 -49.96 -4.615 4.478 -44.389 -4.348 
3 16 4.887 -49.96 -4.615 6.663 -49.017 -4.001 6.599 -52.769 -4.533 
3 16 6.957 -44.391 -1.447 8.163 -48.088 -1.549 6.197 -44.221 -3.293 
3 16 7.703 -49.825 -3.806 6.663 -49.017 -4.001 8.163 -48.088 -1.549 
3 16 6.197 -44.221 -3.293 8.163 -48.088 -1.549 6.663 -49.017 -4.001 
3 16 10 -50.852 -3.776 7.703 -49.825 -3.806 10 -48.978 -1.414 
3 16 10 -48.978 -1.414 7.703 -49.825 -3.806 8.163 -48.088 -1.549 
3 16 4.985 -55.906 -4.778 6.599 -52.769 -4.533 5.965 -55.906 -4.778 
3 16 6.599 -52.769 -4.533 10 -53.502 -4.478 5.965 -55.906 -4.778 
3 16 3.575 -36.205 8.036 3.914 -36.7 5.887 3.236 -30.368 5.2 
3 16 3.236 -30.368 5.2 3.914 -36.7 5.887 3.656 -30.775 5.084 
3 16 4.321 -36.959 4.455 4.921 -37.048 2.713 3.676 -32.422 3.437 
3 16 3.696 -33.025 1.187 3.676 -32.422 3.437 4.921 -37.048 2.713 
3 16 3.696 -33.025 1.187 4.921 -37.048 2.713 4.853 -36.827 0.781 
3 16 4.206 -44.679 8.928 4.508 -44.763 6.489 3.575 -36.205 8.036 
3 16 4.508 -44.763 6.489 3.914 -36.7 5.887 3.575 -36.205 8.036 
3 16 4.508 -44.763 6.489 5.699 -44.786 5.389 3.914 -36.7 5.887 
3 16 3.914 -36.7 5.887 5.699 -44.786 5.389 4.321 -36.959 4.455 
3 16 5.699 -44.786 5.389 7.287 -44.607 2.368 4.321 -36.959 4.455 
3 16 4.921 -37.048 2.713 4.321 -36.959 4.455 7.287 -44.607 2.368 
3 16 6.957 -44.391 -1.447 4.853 -36.827 0.781 7.287 -44.607 2.368 
3 16 4.853 -36.827 0.781 4.921 -37.048 2.713 7.287 -44.607 2.368 
3 16 6.957 -44.391 -1.447 7.287 -44.607 2.368 8.163 -48.088 -1.549 
3 16 8.271 -47.289 2.563 8.163 -48.088 -1.549 7.287 -44.607 2.368 
3 16 6.538 -48.423 5.392 8.271 -47.289 2.563 5.699 -44.786 5.389 
3 16 5.699 -44.786 5.389 8.271 -47.289 2.563 7.287 -44.607 2.368 
3 16 5.204 -48.942 6.353 6.538 -48.423 5.392 4.508 -44.763 6.489 
3 16 4.508 -44.763 6.489 6.538 -48.423 5.392 5.699 -44.786 5.389 
3 16 4.618 -49.006 8.803 5.204 -48.942 6.353 4.206 -44.679 8.928 
3 16 4.508 -44.763 6.489 4.206 -44.679 8.928 5.204 -48.942 6.353 
3 16 3.575 -36.205 8.036 0.819 -36.205 8.036 4.206 -44.679 8.928 
3 16 0.819 -36.205 8.036 1.243 -44.679 8.928 4.206 -44.679 8.928 
3 16 4.206 -44.679 8.928 1.243 -44.679 8.928 4.618 -49.006 8.803 
3 16 1.26 -49.006 8.803 4.618 -49.006 8.803 1.243 -44.679 8.928 
3 16 0.819 -36.205 8.036 3.575 -36.205 8.036 -0.61 -30.368 5.2 
3 16 -0.61 -30.368 5.2 3.575 -36.205 8.036 3.236 -30.368 5.2 
3 16 -0.61 -30.368 5.2 -0.876 -30.775 5.084 0.819 -36.205 8.036 
3 16 0.819 -36.205 8.036 -0.876 -30.775 5.084 -0.303 -37.706 4.993 
3 16 -0.876 -30.775 5.084 -0.916 -32.422 3.437 -0.303 -37.706 4.993 
3 16 1.243 -44.679 8.928 0.819 -36.205 8.036 -0.41 -45.146 5.954 
3 16 0.819 -36.205 8.036 -0.303 -37.706 4.993 -0.41 -45.146 5.954 
3 16 -0.303 -37.706 4.993 -0.798 -37.844 1.346 -0.41 -45.146 5.954 
3 16 -0.798 -37.844 1.346 -1.187 -45.101 1.243 -0.41 -45.146 5.954 
3 16 -0.24 -49.877 5.868 1.26 -49.006 8.803 -0.41 -45.146 5.954 
3 16 -0.41 -45.146 5.954 1.26 -49.006 8.803 1.243 -44.679 8.928 
3 16 -1.2 -50.177 0.995 -0.24 -49.877 5.868 -1.187 -45.101 1.243 
3 16 -1.187 -45.101 1.243 -0.24 -49.877 5.868 -0.41 -45.146 5.954 
3 16 0.607 -55.906 5.763 5.442 -55.608 5.881 1.116 -54.95 7.804 
3 16 1.116 -54.95 7.804 5.442 -55.608 5.881 5.17 -54.574 7.73 
3 16 5.965 -55.902 4.754 5.204 -48.942 6.353 5.442 -55.608 5.881 
3 16 5.442 -55.608 5.881 5.204 -48.942 6.353 5.17 -54.574 7.73 
3 16 10 -48.329 2.454 10 -48.978 -1.414 8.271 -47.289 2.563 
3 16 8.163 -48.088 -1.549 8.271 -47.289 2.563 10 -48.978 -1.414 
3 16 6.599 -52.769 -4.533 6.663 -49.017 -4.001 7.703 -49.825 -3.806 
3 16 10 -53.502 -4.478 6.599 -52.769 -4.533 10 -50.852 -3.776 
3 16 6.599 -52.769 -4.533 7.703 -49.825 -3.806 10 -50.852 -3.776 
3 16 8.271 -47.289 2.563 6.538 -48.423 5.392 10 -48.329 2.454 
3 16 10 -51.167 5.501 10 -48.329 2.454 7.065 -49.659 5.425 
3 16 10 -48.329 2.454 6.538 -48.423 5.392 7.065 -49.659 5.425 
3 16 10 -51.167 5.501 7.065 -49.659 5.425 10 -52.787 5.7 
3 16 7.065 -49.659 5.425 5.965 -55.902 4.754 10 -52.787 5.7 
3 16 5.442 -55.608 5.881 0.607 -55.906 5.763 5.965 -55.902 4.754 
3 16 5.965 -55.902 4.754 4.985 -55.906 -4.778 5.965 -55.906 -4.778 
3 16 0.607 -55.906 5.763 0.137 -55.906 2.067 5.965 -55.902 4.754 
3 16 0.137 -55.906 2.067 1.009 -55.906 -2.583 5.965 -55.902 4.754 
3 16 1.009 -55.906 -2.583 4.985 -55.906 -4.778 5.965 -55.902 4.754 
3 16 1.009 -55.906 -2.583 2.779 -55.906 -4.778 4.985 -55.906 -4.778 
3 16 5.965 -61.999 8.061 5.965 -62.347 4 5.965 -64.402 3.512 
3 16 5.965 -60.347 3.464 5.965 -62.347 4 5.965 -59.882 7.72 
3 16 5.965 -61.999 8.061 5.965 -59.882 7.72 5.965 -62.347 4 
3 16 5.965 -59.882 7.72 5.965 -57.659 6.567 5.965 -60.347 3.464 
3 16 5.965 -57.659 6.567 5.965 -55.902 4.754 5.965 -60.347 3.464 
3 16 5.965 -60.347 3.464 5.965 -55.902 4.754 5.965 -58.883 2 
3 16 5.965 -55.902 4.754 5.965 -58.347 0 5.965 -58.883 2 
3 16 5.965 -58.883 -2 5.965 -58.347 0 5.965 -55.906 -4.778 
3 16 5.965 -55.902 4.754 5.965 -55.906 -4.778 5.965 -58.347 0 
3 16 5.965 -57.659 -6.554 5.965 -60.347 -3.464 5.965 -55.906 -4.778 
3 16 5.965 -55.906 -4.778 5.965 -60.347 -3.464 5.965 -58.883 -2 
3 16 5.965 -57.659 -6.554 5.965 -59.882 -7.724 5.965 -60.347 -3.464 
3 16 5.965 -64.998 3.516 5.965 -64.998 7.606 5.965 -64.402 3.512 
3 16 5.965 -64.402 3.512 5.965 -64.998 7.606 5.965 -61.999 8.061 
3 16 5.965 -60.347 -3.464 5.965 -59.882 -7.724 5.965 -62.347 -4 
3 16 5.965 -62.035 -8.14 5.965 -62.347 -4 5.965 -59.882 -7.724 
3 16 5.965 -64.998 -3.56 5.965 -64.408 -3.538 5.965 -64.998 -7.759 
3 16 5.965 -62.035 -8.14 5.965 -64.998 -7.759 5.965 -64.408 -3.538 
3 16 5.965 -62.035 -8.14 5.965 -64.408 -3.538 5.965 -62.347 -4 
3 16 4.618 -49.006 8.803 5.17 -54.574 7.73 5.204 -48.942 6.353 
3 16 1.116 -54.95 7.804 5.17 -54.574 7.73 1.26 -49.006 8.803 
3 16 1.26 -49.006 8.803 5.17 -54.574 7.73 4.618 -49.006 8.803 
3 16 0.607 -55.906 5.763 1.116 -54.95 7.804 -0.24 -49.877 5.868 
3 16 -0.24 -49.877 5.868 1.116 -54.95 7.804 1.26 -49.006 8.803 
3 16 -0.24 -49.877 5.868 -1.2 -50.177 0.995 0.607 -55.906 5.763 
3 16 0.137 -55.906 2.067 0.607 -55.906 5.763 -1.2 -50.177 0.995 
3 16 1.009 -55.906 -2.583 0.137 -55.906 2.067 -0.388 -50 -3.568 
3 16 -0.388 -50 -3.568 0.137 -55.906 2.067 -1.2 -50.177 0.995 
3 16 -0.388 -50 -3.568 2.036 -49.718 -6.542 1.009 -55.906 -2.583 
3 16 2.779 -55.906 -4.778 1.009 -55.906 -2.583 2.036 -49.718 -6.542 
3 16 2.036 -49.718 -6.542 4.621 -49.855 -6.336 2.779 -55.906 -4.778 
3 16 4.985 -55.906 -4.778 2.779 -55.906 -4.778 4.621 -49.855 -6.336 
3 16 6.599 -52.769 -4.533 4.985 -55.906 -4.778 4.887 -49.96 -4.615 
3 16 4.985 -55.906 -4.778 4.621 -49.855 -6.336 4.887 -49.96 -4.615 
3 16 -0.498 -32.422 -1.063 -0.562 -37.035 -1.555 -0.956 -33.025 1.187 
3 16 3.656 -30.775 5.084 3.914 -36.7 5.887 3.676 -32.422 3.437 
3 16 3.676 -32.422 3.437 3.914 -36.7 5.887 4.321 -36.959 4.455 
3 16 -0.303 -37.706 4.993 -0.916 -32.422 3.437 -0.798 -37.844 1.346 
3 16 -0.916 -32.422 3.437 -0.956 -33.025 1.187 -0.798 -37.844 1.346 
3 16 -0.562 -37.035 -1.555 -0.498 -32.422 -1.063 0.505 -35.766 -4.284 
3 16 -0.017 -31.517 -1.999 0.505 -35.766 -4.284 -0.498 -32.422 -1.063 
3 16 -0.017 -31.517 -1.999 3.373 -31.517 -1.999 0.505 -35.766 -4.284 
3 16 0.505 -35.766 -4.284 3.373 -31.517 -1.999 3.635 -35.753 -4.134 
3 16 7.065 -49.659 5.425 6.538 -48.423 5.392 5.204 -48.942 6.353 
3 16 7.065 -49.659 5.425 5.204 -48.942 6.353 5.965 -55.902 4.754 
3 16 14.035 -57.659 -6.554 14.035 -59.882 -7.724 5.965 -57.659 -6.554 
3 16 14.035 -59.882 -7.724 5.965 -59.882 -7.724 5.965 -57.659 -6.554 
3 16 14.035 -55.906 -4.778 14.035 -57.659 -6.554 5.965 -55.906 -4.778 
3 16 5.965 -55.906 -4.778 14.035 -57.659 -6.554 5.965 -57.659 -6.554 
3 16 14.035 -57.659 6.567 14.035 -55.906 4.741 5.965 -57.659 6.567 
3 16 5.965 -55.902 4.754 5.965 -57.659 6.567 14.035 -55.906 4.741 
3 16 5.965 -57.659 6.567 5.965 -59.882 7.72 14.035 -57.659 6.567 
3 16 5.965 -59.882 7.72 14.035 -59.882 7.72 14.035 -57.659 6.567 
3 16 14.035 -61.999 8.061 14.035 -59.882 7.72 5.965 -61.999 8.061 
3 16 5.965 -61.999 8.061 14.035 -59.882 7.72 5.965 -59.882 7.72 
3 16 16.627 -31.517 -1.999 16.365 -35.753 -4.134 16.363 -32.422 -1.063 
3 16 16.097 -36.542 -2.284 16.363 -32.422 -1.063 16.365 -35.753 -4.134 
3 16 19.495 -35.766 -4.284 18.45 -44.168 -6.538 16.365 -35.753 -4.134 
3 16 18.45 -44.168 -6.538 15.761 -44.157 -6.409 16.365 -35.753 -4.134 
3 16 16.365 -35.753 -4.134 15.761 -44.157 -6.409 16.097 -36.542 -2.284 
3 16 15.522 -44.389 -4.348 16.097 -36.542 -2.284 15.761 -44.157 -6.409 
3 16 18.45 -44.168 -6.538 19.495 -35.766 -4.284 20.551 -44.673 -3.339 
3 16 20.551 -44.673 -3.339 19.495 -35.766 -4.284 20.562 -37.035 -1.555 
3 16 20.798 -37.844 1.346 20.562 -37.035 -1.555 20.956 -33.025 1.187 
3 16 20.551 -44.673 -3.339 20.562 -37.035 -1.555 21.187 -45.101 1.243 
3 16 21.187 -45.101 1.243 20.562 -37.035 -1.555 20.798 -37.844 1.346 
3 16 15.379 -49.855 -6.336 15.761 -44.157 -6.409 17.964 -49.718 -6.542 
3 16 15.761 -44.157 -6.409 18.45 -44.168 -6.538 17.964 -49.718 -6.542 
3 16 15.761 -44.157 -6.409 15.379 -49.855 -6.336 15.522 -44.389 -4.348 
3 16 15.379 -49.855 -6.336 15.113 -49.96 -4.615 15.522 -44.389 -4.348 
3 16 17.964 -49.718 -6.542 18.45 -44.168 -6.538 20.388 -50 -3.568 
3 16 18.45 -44.168 -6.538 20.551 -44.673 -3.339 20.388 -50 -3.568 
3 16 20.388 -50 -3.568 20.551 -44.673 -3.339 21.2 -50.177 0.995 
3 16 20.551 -44.673 -3.339 21.187 -45.101 1.243 21.2 -50.177 0.995 
3 16 16.363 -32.422 -1.063 16.097 -36.542 -2.284 15.321 -36.703 -0.945 
3 16 16.363 -32.422 -1.063 15.321 -36.703 -0.945 16.304 -33.025 1.187 
3 16 15.321 -36.703 -0.945 15.147 -36.827 0.781 16.304 -33.025 1.187 
3 16 15.522 -44.389 -4.348 13.803 -44.221 -3.293 16.097 -36.542 -2.284 
3 16 15.321 -36.703 -0.945 16.097 -36.542 -2.284 13.803 -44.221 -3.293 
3 16 15.147 -36.827 0.781 15.321 -36.703 -0.945 13.043 -44.391 -1.447 
3 16 15.321 -36.703 -0.945 13.803 -44.221 -3.293 13.043 -44.391 -1.447 
3 16 13.803 -44.221 -3.293 15.522 -44.389 -4.348 13.337 -49.017 -4.001 
3 16 13.337 -49.017 -4.001 15.522 -44.389 -4.348 15.113 -49.96 -4.615 
3 16 15.113 -49.96 -4.615 13.401 -52.769 -4.533 13.337 -49.017 -4.001 
3 16 13.043 -44.391 -1.447 13.803 -44.221 -3.293 11.837 -48.088 -1.549 
3 16 12.297 -49.825 -3.806 11.837 -48.088 -1.549 13.337 -49.017 -4.001 
3 16 13.803 -44.221 -3.293 13.337 -49.017 -4.001 11.837 -48.088 -1.549 
3 16 10 -50.852 -3.776 10 -48.978 -1.414 12.297 -49.825 -3.806 
3 16 10 -48.978 -1.414 11.837 -48.088 -1.549 12.297 -49.825 -3.806 
3 16 15.015 -55.906 -4.778 14.035 -55.906 -4.778 13.401 -52.769 -4.533 
3 16 13.401 -52.769 -4.533 14.035 -55.906 -4.778 10 -53.502 -4.478 
3 16 10 -53.502 -4.478 14.035 -55.906 -4.778 5.965 -55.906 -4.778 
3 16 16.425 -36.205 8.036 16.764 -30.368 5.2 16.086 -36.7 5.887 
3 16 16.764 -30.368 5.2 16.344 -30.775 5.084 16.086 -36.7 5.887 
3 16 15.679 -36.959 4.455 16.324 -32.422 3.437 15.079 -37.048 2.713 
3 16 16.304 -33.025 1.187 15.079 -37.048 2.713 16.324 -32.422 3.437 
3 16 16.304 -33.025 1.187 15.147 -36.827 0.781 15.079 -37.048 2.713 
3 16 15.794 -44.679 8.928 16.425 -36.205 8.036 15.492 -44.763 6.489 
3 16 15.492 -44.763 6.489 16.425 -36.205 8.036 16.086 -36.7 5.887 
3 16 15.492 -44.763 6.489 16.086 -36.7 5.887 14.301 -44.786 5.389 
3 16 16.086 -36.7 5.887 15.679 -36.959 4.455 14.301 -44.786 5.389 
3 16 14.301 -44.786 5.389 15.679 -36.959 4.455 12.713 -44.607 2.368 
3 16 15.079 -37.048 2.713 12.713 -44.607 2.368 15.679 -36.959 4.455 
3 16 13.043 -44.391 -1.447 12.713 -44.607 2.368 15.147 -36.827 0.781 
3 16 15.147 -36.827 0.781 12.713 -44.607 2.368 15.079 -37.048 2.713 
3 16 13.043 -44.391 -1.447 11.837 -48.088 -1.549 12.713 -44.607 2.368 
3 16 11.729 -47.289 2.563 12.713 -44.607 2.368 11.837 -48.088 -1.549 
3 16 13.462 -48.423 5.392 14.301 -44.786 5.389 11.729 -47.289 2.563 
3 16 14.301 -44.786 5.389 12.713 -44.607 2.368 11.729 -47.289 2.563 
3 16 14.796 -48.942 6.353 15.492 -44.763 6.489 13.462 -48.423 5.392 
3 16 15.492 -44.763 6.489 14.301 -44.786 5.389 13.462 -48.423 5.392 
3 16 15.382 -49.006 8.803 15.794 -44.679 8.928 14.796 -48.942 6.353 
3 16 15.492 -44.763 6.489 14.796 -48.942 6.353 15.794 -44.679 8.928 
3 16 16.425 -36.205 8.036 15.794 -44.679 8.928 19.181 -36.205 8.036 
3 16 19.181 -36.205 8.036 15.794 -44.679 8.928 18.757 -44.679 8.928 
3 16 15.794 -44.679 8.928 15.382 -49.006 8.803 18.757 -44.679 8.928 
3 16 18.74 -49.006 8.803 18.757 -44.679 8.928 15.382 -49.006 8.803 
3 16 19.181 -36.205 8.036 20.61 -30.368 5.2 16.425 -36.205 8.036 
3 16 20.61 -30.368 5.2 16.764 -30.368 5.2 16.425 -36.205 8.036 
3 16 20.61 -30.368 5.2 19.181 -36.205 8.036 20.876 -30.775 5.084 
3 16 19.181 -36.205 8.036 20.303 -37.706 4.993 20.876 -30.775 5.084 
3 16 20.876 -30.775 5.084 20.303 -37.706 4.993 20.916 -32.422 3.437 
3 16 18.757 -44.679 8.928 20.41 -45.146 5.954 19.181 -36.205 8.036 
3 16 19.181 -36.205 8.036 20.41 -45.146 5.954 20.303 -37.706 4.993 
3 16 20.303 -37.706 4.993 20.41 -45.146 5.954 20.798 -37.844 1.346 
3 16 20.798 -37.844 1.346 20.41 -45.146 5.954 21.187 -45.101 1.243 
3 16 20.24 -49.877 5.868 20.41 -45.146 5.954 18.74 -49.006 8.803 
3 16 20.41 -45.146 5.954 18.757 -44.679 8.928 18.74 -49.006 8.803 
3 16 21.2 -50.177 0.995 21.187 -45.101 1.243 20.24 -49.877 5.868 
3 16 21.187 -45.101 1.243 20.41 -45.146 5.954 20.24 -49.877 5.868 
3 16 19.393 -55.906 5.763 18.884 -54.95 7.804 14.558 -55.608 5.881 
3 16 18.884 -54.95 7.804 14.83 -54.574 7.73 14.558 -55.608 5.881 
3 16 14.035 -55.906 4.741 14.558 -55.608 5.881 14.796 -48.942 6.353 
3 16 14.558 -55.608 5.881 14.83 -54.574 7.73 14.796 -48.942 6.353 
3 16 10 -48.329 2.454 11.729 -47.289 2.563 10 -48.978 -1.414 
3 16 11.837 -48.088 -1.549 10 -48.978 -1.414 11.729 -47.289 2.563 
3 16 13.401 -52.769 -4.533 12.297 -49.825 -3.806 13.337 -49.017 -4.001 
3 16 10 -53.502 -4.478 10 -50.852 -3.776 13.401 -52.769 -4.533 
3 16 13.401 -52.769 -4.533 10 -50.852 -3.776 12.297 -49.825 -3.806 
3 16 11.729 -47.289 2.563 10 -48.329 2.454 13.462 -48.423 5.392 
3 16 10 -51.167 5.501 12.935 -49.659 5.425 10 -48.329 2.454 
3 16 10 -48.329 2.454 12.935 -49.659 5.425 13.462 -48.423 5.392 
3 16 10 -51.167 5.501 10 -52.787 5.7 12.935 -49.659 5.425 
3 16 12.935 -49.659 5.425 10 -52.787 5.7 14.035 -55.906 4.741 
3 16 14.035 -55.906 4.741 10 -52.787 5.7 5.965 -55.902 4.754 
3 16 14.558 -55.608 5.881 14.035 -55.906 4.741 19.393 -55.906 5.763 
3 16 14.035 -55.906 4.741 14.035 -55.906 -4.778 15.015 -55.906 -4.778 
3 16 19.393 -55.906 5.763 14.035 -55.906 4.741 19.863 -55.906 2.067 
3 16 19.863 -55.906 2.067 14.035 -55.906 4.741 18.991 -55.906 -2.583 
3 16 18.991 -55.906 -2.583 14.035 -55.906 4.741 15.015 -55.906 -4.778 
3 16 18.991 -55.906 -2.583 15.015 -55.906 -4.778 17.221 -55.906 -4.778 
3 16 14.035 -61.999 8.061 14.035 -64.402 3.512 14.035 -62.347 4 
3 16 5.965 -62.347 4 5.965 -60.347 3.464 14.035 -62.347 4 
3 16 5.965 -60.347 3.464 14.035 -60.347 3.464 14.035 -62.347 4 
3 16 5.965 -60.347 3.464 5.965 -58.883 2 14.035 -60.347 3.464 
3 16 5.965 -58.883 2 14.035 -58.883 2 14.035 -60.347 3.464 
3 16 5.965 -58.883 2 5.965 -58.347 0 14.035 -58.883 2 
3 16 5.965 -58.347 0 14.035 -58.347 0 14.035 -58.883 2 
3 16 5.965 -58.347 0 5.965 -58.883 -2 14.035 -58.347 0 
3 16 5.965 -58.883 -2 14.035 -58.883 -2 14.035 -58.347 0 
3 16 5.965 -58.883 -2 5.965 -60.347 -3.464 14.035 -58.883 -2 
3 16 5.965 -60.347 -3.464 14.035 -60.347 -3.464 14.035 -58.883 -2 
3 16 5.965 -64.402 3.512 5.965 -62.347 4 14.035 -64.402 3.512 
3 16 14.035 -64.402 3.512 5.965 -62.347 4 14.035 -62.347 4 
3 16 14.035 -60.347 3.464 14.035 -59.882 7.72 14.035 -62.347 4 
3 16 14.035 -61.999 8.061 14.035 -62.347 4 14.035 -59.882 7.72 
3 16 14.035 -59.882 7.72 14.035 -60.347 3.464 14.035 -57.659 6.567 
3 16 14.035 -57.659 6.567 14.035 -60.347 3.464 14.035 -55.906 4.741 
3 16 14.035 -60.347 3.464 14.035 -58.883 2 14.035 -55.906 4.741 
3 16 14.035 -55.906 4.741 14.035 -58.883 2 14.035 -58.347 0 
3 16 14.035 -58.883 -2 14.035 -55.906 -4.778 14.035 -58.347 0 
3 16 14.035 -55.906 4.741 14.035 -58.347 0 14.035 -55.906 -4.778 
3 16 14.035 -57.659 -6.554 14.035 -55.906 -4.778 14.035 -60.347 -3.464 
3 16 14.035 -55.906 -4.778 14.035 -58.883 -2 14.035 -60.347 -3.464 
3 16 14.035 -57.659 -6.554 14.035 -60.347 -3.464 14.035 -59.882 -7.724 
3 16 14.035 -64.998 3.516 14.035 -64.402 3.512 14.035 -64.998 7.606 
3 16 14.035 -64.402 3.512 14.035 -61.999 8.061 14.035 -64.998 7.606 
3 16 5.965 -61.999 8.061 5.965 -64.998 7.606 14.035 -61.999 8.061 
3 16 5.965 -64.998 7.606 14.035 -64.998 7.606 14.035 -61.999 8.061 
3 16 5.965 -64.998 7.606 5.965 -64.998 3.516 14.035 -64.998 7.606 
3 16 14.035 -64.998 7.606 5.965 -64.998 3.516 14.035 -64.998 3.516 
3 16 14.035 -60.347 -3.464 14.035 -62.347 -4 14.035 -59.882 -7.724 
3 16 14.035 -62.035 -8.14 14.035 -59.882 -7.724 14.035 -62.347 -4 
3 16 14.035 -59.882 -7.724 14.035 -62.035 -8.14 5.965 -59.882 -7.724 
3 16 5.965 -59.882 -7.724 14.035 -62.035 -8.14 5.965 -62.035 -8.14 
3 16 14.035 -64.998 -3.56 14.035 -64.998 -7.759 14.035 -64.408 -3.538 
3 16 14.035 -62.035 -8.14 14.035 -64.408 -3.538 14.035 -64.998 -7.759 
3 16 5.965 -64.998 -7.759 5.965 -62.035 -8.14 14.035 -64.998 -7.759 
3 16 5.965 -62.035 -8.14 14.035 -62.035 -8.14 14.035 -64.998 -7.759 
3 16 14.035 -64.998 -3.56 14.035 -64.408 -3.538 5.965 -64.998 -3.56 
3 16 14.035 -64.408 -3.538 5.965 -64.408 -3.538 5.965 -64.998 -3.56 
3 16 14.035 -62.347 -4 14.035 -60.347 -3.464 5.965 -62.347 -4 
3 16 14.035 -60.347 -3.464 5.965 -60.347 -3.464 5.965 -62.347 -4 
3 16 14.035 -64.408 -3.538 14.035 -62.347 -4 5.965 -64.408 -3.538 
3 16 14.035 -62.347 -4 5.965 -62.347 -4 5.965 -64.408 -3.538 
3 16 14.035 -62.035 -8.14 14.035 -62.347 -4 14.035 -64.408 -3.538 
3 16 14.035 -64.998 -7.759 14.035 -64.998 -3.56 5.965 -64.998 -7.759 
3 16 14.035 -64.998 -3.56 5.965 -64.998 -3.56 5.965 -64.998 -7.759 
3 16 15.382 -49.006 8.803 14.796 -48.942 6.353 14.83 -54.574 7.73 
3 16 18.884 -54.95 7.804 18.74 -49.006 8.803 14.83 -54.574 7.73 
3 16 18.74 -49.006 8.803 15.382 -49.006 8.803 14.83 -54.574 7.73 
3 16 19.393 -55.906 5.763 20.24 -49.877 5.868 18.884 -54.95 7.804 
3 16 20.24 -49.877 5.868 18.74 -49.006 8.803 18.884 -54.95 7.804 
3 16 20.24 -49.877 5.868 19.393 -55.906 5.763 21.2 -50.177 0.995 
3 16 19.863 -55.906 2.067 21.2 -50.177 0.995 19.393 -55.906 5.763 
3 16 18.991 -55.906 -2.583 20.388 -50 -3.568 19.863 -55.906 2.067 
3 16 20.388 -50 -3.568 21.2 -50.177 0.995 19.863 -55.906 2.067 
3 16 20.388 -50 -3.568 18.991 -55.906 -2.583 17.964 -49.718 -6.542 
3 16 17.221 -55.906 -4.778 17.964 -49.718 -6.542 18.991 -55.906 -2.583 
3 16 17.964 -49.718 -6.542 17.221 -55.906 -4.778 15.379 -49.855 -6.336 
3 16 15.015 -55.906 -4.778 15.379 -49.855 -6.336 17.221 -55.906 -4.778 
3 16 13.401 -52.769 -4.533 15.113 -49.96 -4.615 15.015 -55.906 -4.778 
3 16 15.015 -55.906 -4.778 15.113 -49.96 -4.615 15.379 -49.855 -6.336 
3 16 20.498 -32.422 -1.063 20.956 -33.025 1.187 20.562 -37.035 -1.555 
3 16 16.344 -30.775 5.084 16.324 -32.422 3.437 16.086 -36.7 5.887 
3 16 16.324 -32.422 3.437 15.679 -36.959 4.455 16.086 -36.7 5.887 
3 16 20.303 -37.706 4.993 20.798 -37.844 1.346 20.916 -32.422 3.437 
3 16 20.916 -32.422 3.437 20.798 -37.844 1.346 20.956 -33.025 1.187 
3 16 20.562 -37.035 -1.555 19.495 -35.766 -4.284 20.498 -32.422 -1.063 
3 16 20.017 -31.517 -1.999 20.498 -32.422 -1.063 19.495 -35.766 -4.284 
3 16 20.017 -31.517 -1.999 19.495 -35.766 -4.284 16.627 -31.517 -1.999 
3 16 19.495 -35.766 -4.284 16.365 -35.753 -4.134 16.627 -31.517 -1.999 
3 16 12.935 -49.659 5.425 14.796 -48.942 6.353 13.462 -48.423 5.392 
3 16 12.935 -49.659 5.425 14.035 -55.906 4.741 14.796 -48.942 6.353 
3 16 14.035 -64.402 3.512 14.035 -64.998 3.516 5.965 -64.402 3.512 
3 16 14.035 -64.998 3.516 5.965 -64.998 3.516 5.965 -64.402 3.512 
2 24 11.054 -6.21 4.471 11.054 -6.144 6.971 
2 24 8.946 -6.21 4.471 11.054 -6.21 4.471 
2 24 11.054 -6.144 6.971 8.946 -6.144 6.971 
2 24 8.946 -6.144 6.971 8.946 -6.21 4.471 
2 24 11.066 -2.509 -0.529 11.054 -2.509 4.462 
2 24 8.934 -2.509 -0.529 11.066 -2.509 -0.529 
2 24 11.054 -2.509 4.462 8.946 -2.509 4.462 
2 24 8.946 -2.509 4.462 8.934 -2.509 -0.529 
2 24 11.054 0 6.971 8.946 0 6.971 
2 24 8.946 0 6.971 8.946 -6.144 6.971 
2 24 11.054 -2.509 4.462 11.054 -6.21 4.471 
2 24 8.946 -6.21 4.471 8.946 -2.509 4.462 
2 24 8.934 -2.509 -0.529 8.934 0 -0.529 
2 24 8.934 0 -0.529 11.066 0 -0.529 
2 24 11.066 0 -0.529 11.066 -2.509 -0.529 
2 24 0.03 -25.349 -1.783 -0.88 -24.628 -1.063 
2 24 -0.373 -21.292 -1.738 0.03 -25.349 -1.783 
2 24 2.631 -24.628 -1.063 1.772 -25.349 -1.783 
2 24 1.772 -25.349 -1.783 1.529 -21.292 -1.738 
2 24 1.772 -25.349 -1.783 0.03 -25.349 -1.783 
2 24 3.816 -24.025 1.187 2.631 -24.628 -1.063 
2 24 -0.88 -24.628 -1.063 -1.236 -24.025 1.187 
2 24 3.882 -24.628 3.437 3.816 -24.025 1.187 
2 24 2.557 -22.804 7.105 3.601 -25.671 4.48 
2 24 3.601 -25.671 4.48 3.882 -24.628 3.437 
2 24 -0.25 -22.804 7.105 -0.598 -25.671 4.48 
2 24 -0.598 -25.671 4.48 3.601 -25.671 4.48 
2 24 -1.153 -24.628 3.437 -0.598 -25.671 4.48 
2 24 -1.236 -24.025 1.187 -1.153 -24.628 3.437 
2 24 -0.373 -21.292 -1.738 -0.818 -14.677 -1.887 
2 24 1.199 -14.677 -1.887 1.529 -21.292 -1.738 
2 24 2.197 -15.868 7.981 2.557 -22.804 7.105 
2 24 -0.945 -15.868 7.981 -0.25 -22.804 7.105 
2 24 -0.818 -14.677 -1.887 -1.313 -10.674 -2.213 
2 24 1.131 -10.674 -2.213 1.199 -14.677 -1.887 
2 24 2.186 -13.275 7.406 2.197 -15.868 7.981 
2 24 -0.925 -13.275 7.406 -0.945 -15.868 7.981 
2 24 2.236 -10.502 5.454 2.186 -13.275 7.406 
2 24 -1.451 -10.502 5.454 -0.925 -13.275 7.406 
2 24 -1.937 -8 -3.283 -1.253 -7.522 -4.322 
2 24 -1.253 -7.522 -4.322 -1.313 -10.674 -2.213 
2 24 -1.842 -7.309 5.456 -2.432 -8.024 4.353 
2 24 -1.451 -10.502 5.454 -1.842 -7.309 5.456 
2 24 1.739 -7.309 5.456 -1.842 -7.309 5.456 
2 24 2.236 -10.502 5.454 1.739 -7.309 5.456 
2 24 2.22 -8.007 4.376 1.739 -7.309 5.456 
2 24 2.36 -8.032 1.449 2.22 -8.007 4.376 
2 24 0.982 -8 -3.283 2.36 -8.032 1.449 
2 24 1.131 -10.674 -2.213 0.255 -7.531 -4.313 
2 24 0.255 -7.531 -4.313 0.982 -8 -3.283 
2 24 -1.253 -7.522 -4.322 0.255 -7.531 -4.313 
2 24 -2.432 -8.024 4.353 -2.756 -8.082 1.951 
2 24 -2.756 -8.082 1.951 -2.436 -8.047 -1.924 
2 24 -2.436 -8.047 -1.924 -1.937 -8 -3.283 
2 24 -5.596 -8.02 1.841 -5.575 -8.957 1.553 
2 24 -2.575 -9.027 1.677 -2.753 -8.082 1.951 
2 24 -2.753 -8.082 1.951 -5.596 -8.02 1.841 
2 24 -5.575 -8.957 1.553 -5.575 -9.617 0.871 
2 24 -2.384 -9.678 0.919 -2.575 -9.027 1.677 
2 24 -2.255 -9.917 -0.109 -2.384 -9.678 0.919 
2 24 -5.575 -9.617 0.871 -5.575 -9.851 -0.07 
2 24 -2.082 -9.571 -1.106 -2.255 -9.917 -0.109 
2 24 -5.575 -9.851 -0.07 -5.575 -9.539 -1.055 
2 24 -2.156 -8.933 -1.674 -2.082 -9.571 -1.106 
2 24 -5.575 -9.539 -1.055 -5.575 -8.982 -1.595 
2 24 -2.436 -8.047 -1.924 -2.156 -8.933 -1.674 
2 24 -5.595 -8.02 -1.9 -2.436 -8.047 -1.924 
2 24 -5.575 -8.982 -1.595 -5.595 -8.02 -1.9 
2 24 -5.596 -8.02 1.841 -5.595 -8.02 -1.9 
2 24 -9.084 -6.144 6.971 -9.078 -8 4.334 
2 24 -9.078 -8 4.334 8.946 -8 4.346 
2 24 8.946 -8 4.346 8.946 -6.144 6.971 
2 24 8.946 -6.144 6.971 -9.084 -6.144 6.971 
2 24 6.313 -5.3 6.971 -6.197 -5.3 6.971 
2 24 -9.084 -8 -0.504 -8.491 -8 -3.283 
2 24 8.934 -8 -0.529 8.946 -8 4.346 
2 24 8.263 -8 -3.283 8.934 -8 -0.529 
2 24 -9.078 -8 4.334 -9.084 -8 -0.504 
2 24 5.64 -6.281 -7.151 8.263 -8 -3.283 
2 24 -8.491 -8 -3.283 -6.265 -6.352 -6.877 
2 24 -6.265 -6.352 -6.877 -2.546 -5 -9.829 
2 24 -2.546 -5 -9.829 2.454 -5 -9.829 
2 24 2.454 -5 -9.829 5.64 -6.281 -7.151 
2 24 8.223 0 -3.31 8.934 0 -0.529 
2 24 8.934 0 -0.529 8.946 0 6.971 
2 24 -9.084 -6.144 6.971 -9.084 0 6.971 
2 24 -9.084 0 6.971 -9.084 0 -0.504 
2 24 -9.084 0 -0.504 -8.491 0 -3.283 
2 24 -8.491 0 -3.283 -6.265 0 -6.877 
2 24 -6.265 0 -6.877 -2.546 0 -9.829 
2 24 -2.546 0 -9.829 -2.546 -5 -9.829 
2 24 2.454 0 -9.829 2.454 -5 -9.829 
2 24 -2.546 0 -9.829 2.454 0 -9.829 
2 24 2.454 0 -9.829 5.64 0 -7.151 
2 24 5.64 0 -7.151 8.223 0 -3.31 
2 24 8.946 -6.144 6.971 8.946 0 6.971 
2 24 8.946 0 6.971 6.311 0 6.971 
2 24 6.311 0 6.971 6.313 -5.3 6.971 
2 24 -6.197 0 6.971 -9.084 0 6.971 
2 24 -6.197 -5.3 6.971 -6.197 0 6.971 
2 24 -1.446 -30.775 5.084 -1.446 -32.422 3.437 
2 24 4.56 -32.422 3.437 4.56 -30.775 5.084 
2 24 -1.446 -28.525 5.687 -1.446 -30.775 5.084 
2 24 4.56 -30.775 5.084 4.56 -28.525 5.687 
2 24 -1.446 -26.275 5.084 -1.446 -28.525 5.687 
2 24 4.56 -28.525 5.687 4.56 -26.275 5.084 
2 24 -1.446 -24.628 3.437 -1.446 -26.275 5.084 
2 24 4.56 -26.275 5.084 4.56 -24.628 3.437 
2 24 -1.446 -24.025 1.187 -1.446 -24.628 3.437 
2 24 4.56 -24.628 3.437 4.56 -24.025 1.187 
2 24 -1.446 -24.628 -1.063 -1.446 -24.025 1.187 
2 24 4.56 -24.025 1.187 4.56 -24.628 -1.063 
2 24 -1.446 -26.275 -2.71 -1.446 -24.628 -1.063 
2 24 4.56 -24.628 -1.063 4.56 -26.275 -2.71 
2 24 -1.446 -28.525 -3.313 -1.446 -26.275 -2.71 
2 24 4.56 -26.275 -2.71 4.56 -28.525 -3.313 
2 24 -1.446 -30.775 -2.71 -1.446 -28.525 -3.313 
2 24 4.56 -28.525 -3.313 4.56 -30.775 -2.71 
2 24 -1.446 -32.422 -1.063 -1.446 -30.775 -2.71 
2 24 4.56 -30.775 -2.71 4.56 -32.422 -1.063 
2 24 -1.446 -33.025 1.187 -1.446 -32.422 -1.063 
2 24 4.56 -32.422 -1.063 4.56 -33.025 1.187 
2 24 -1.446 -32.422 3.437 -1.446 -33.025 1.187 
2 24 4.56 -33.025 1.187 4.56 -32.422 3.437 
2 24 19.97 -25.349 -1.783 20.373 -21.292 -1.738 
2 24 20.88 -24.628 -1.063 19.97 -25.349 -1.783 
2 24 18.471 -21.292 -1.738 18.228 -25.349 -1.783 
2 24 18.228 -25.349 -1.783 17.369 -24.628 -1.063 
2 24 19.97 -25.349 -1.783 18.228 -25.349 -1.783 
2 24 17.369 -24.628 -1.063 16.184 -24.025 1.187 
2 24 21.236 -24.025 1.187 20.88 -24.628 -1.063 
2 24 16.184 -24.025 1.187 16.118 -24.628 3.437 
2 24 16.399 -25.671 4.48 17.443 -22.804 7.105 
2 24 16.118 -24.628 3.437 16.399 -25.671 4.48 
2 24 16.399 -25.671 4.48 20.598 -25.671 4.48 
2 24 20.598 -25.671 4.48 20.25 -22.804 7.105 
2 24 20.598 -25.671 4.48 21.153 -24.628 3.437 
2 24 21.153 -24.628 3.437 21.236 -24.025 1.187 
2 24 20.818 -14.677 -1.887 20.373 -21.292 -1.738 
2 24 18.471 -21.292 -1.738 18.801 -14.677 -1.887 
2 24 17.443 -22.804 7.105 17.803 -15.868 7.981 
2 24 20.25 -22.804 7.105 20.945 -15.868 7.981 
2 24 21.313 -10.674 -2.213 20.818 -14.677 -1.887 
2 24 18.801 -14.677 -1.887 18.869 -10.674 -2.213 
2 24 17.803 -15.868 7.981 17.814 -13.275 7.406 
2 24 20.945 -15.868 7.981 20.925 -13.275 7.406 
2 24 17.814 -13.275 7.406 17.764 -10.502 5.454 
2 24 20.925 -13.275 7.406 21.451 -10.502 5.454 
2 24 21.313 -10.674 -2.213 21.253 -7.522 -4.322 
2 24 21.253 -7.522 -4.322 21.937 -8 -3.283 
2 24 21.842 -7.309 5.456 21.451 -10.502 5.454 
2 24 22.432 -8.024 4.353 21.842 -7.309 5.456 
2 24 18.261 -7.309 5.456 17.764 -10.502 5.454 
2 24 21.842 -7.309 5.456 18.261 -7.309 5.456 
2 24 18.261 -7.309 5.456 17.78 -8.007 4.376 
2 24 17.78 -8.007 4.376 17.64 -8.032 1.449 
2 24 17.64 -8.032 1.449 19.018 -8 -3.283 
2 24 19.018 -8 -3.283 19.745 -7.531 -4.313 
2 24 19.745 -7.531 -4.313 18.869 -10.674 -2.213 
2 24 19.745 -7.531 -4.313 21.253 -7.522 -4.322 
2 24 22.756 -8.082 1.951 22.432 -8.024 4.353 
2 24 22.436 -8.047 -1.924 22.756 -8.082 1.951 
2 24 21.937 -8 -3.283 22.436 -8.047 -1.924 
2 24 25.575 -8.957 1.553 25.596 -8.02 1.841 
2 24 25.596 -8.02 1.841 22.753 -8.082 1.951 
2 24 22.753 -8.082 1.951 22.575 -9.027 1.677 
2 24 25.575 -9.617 0.871 25.575 -8.957 1.553 
2 24 22.575 -9.027 1.677 22.384 -9.678 0.919 
2 24 22.384 -9.678 0.919 22.255 -9.917 -0.109 
2 24 25.575 -9.851 -0.07 25.575 -9.617 0.871 
2 24 22.255 -9.917 -0.109 22.082 -9.571 -1.106 
2 24 25.575 -9.539 -1.055 25.575 -9.851 -0.07 
2 24 22.082 -9.571 -1.106 22.156 -8.933 -1.674 
2 24 25.575 -8.982 -1.595 25.575 -9.539 -1.055 
2 24 22.156 -8.933 -1.674 22.436 -8.047 -1.924 
2 24 25.595 -8.02 -1.9 25.575 -8.982 -1.595 
2 24 22.436 -8.047 -1.924 25.595 -8.02 -1.9 
2 24 25.595 -8.02 -1.9 25.596 -8.02 1.841 
2 24 11.054 -8 4.346 29.078 -8 4.334 
2 24 29.078 -8 4.334 29.084 -6.144 6.971 
2 24 29.084 -6.144 6.971 11.054 -6.144 6.971 
2 24 11.054 -6.144 6.971 11.054 -8 4.346 
2 24 26.197 -5.3 6.971 13.687 -5.3 6.971 
2 24 28.491 -8 -3.283 29.084 -8 -0.504 
2 24 11.054 -8 4.346 11.066 -8 -0.529 
2 24 11.066 -8 -0.529 11.737 -8 -3.283 
2 24 29.084 -8 -0.504 29.078 -8 4.334 
2 24 11.737 -8 -3.283 14.36 -6.281 -7.151 
2 24 26.265 -6.352 -6.877 28.491 -8 -3.283 
2 24 17.546 -5 -9.829 22.546 -5 -9.829 
2 24 22.546 -5 -9.829 26.265 -6.352 -6.877 
2 24 14.36 -6.281 -7.151 17.546 -5 -9.829 
2 24 11.066 0 -0.529 11.777 0 -3.31 
2 24 11.054 0 6.971 11.066 0 -0.529 
2 24 29.084 0 6.971 29.084 -6.144 6.971 
2 24 29.084 0 -0.504 29.084 0 6.971 
2 24 28.491 0 -3.283 29.084 0 -0.504 
2 24 26.265 0 -6.877 28.491 0 -3.283 
2 24 22.546 0 -9.829 26.265 0 -6.877 
2 24 22.546 -5 -9.829 22.546 0 -9.829 
2 24 17.546 -5 -9.829 17.546 0 -9.829 
2 24 17.546 0 -9.829 22.546 0 -9.829 
2 24 14.36 0 -7.151 17.546 0 -9.829 
2 24 11.777 0 -3.31 14.36 0 -7.151 
2 24 13.687 -5.3 6.971 13.689 0 6.971 
2 24 13.689 0 6.971 11.054 0 6.971 
2 24 26.197 0 6.971 26.197 -5.3 6.971 
2 24 29.084 0 6.971 26.197 0 6.971 
2 24 21.446 -32.422 3.437 21.446 -30.775 5.084 
2 24 15.44 -30.775 5.084 15.44 -32.422 3.437 
2 24 21.446 -30.775 5.084 21.446 -28.525 5.687 
2 24 15.44 -28.525 5.687 15.44 -30.775 5.084 
2 24 21.446 -28.525 5.687 21.446 -26.275 5.084 
2 24 15.44 -26.275 5.084 15.44 -28.525 5.687 
2 24 21.446 -26.275 5.084 21.446 -24.628 3.437 
2 24 15.44 -24.628 3.437 15.44 -26.275 5.084 
2 24 21.446 -24.628 3.437 21.446 -24.025 1.187 
2 24 15.44 -24.025 1.187 15.44 -24.628 3.437 
2 24 21.446 -24.025 1.187 21.446 -24.628 -1.063 
2 24 15.44 -24.628 -1.063 15.44 -24.025 1.187 
2 24 21.446 -24.628 -1.063 21.446 -26.275 -2.71 
2 24 15.44 -26.275 -2.71 15.44 -24.628 -1.063 
2 24 21.446 -26.275 -2.71 21.446 -28.525 -3.313 
2 24 15.44 -28.525 -3.313 15.44 -26.275 -2.71 
2 24 21.446 -28.525 -3.313 21.446 -30.775 -2.71 
2 24 15.44 -30.775 -2.71 15.44 -28.525 -3.313 
2 24 21.446 -30.775 -2.71 21.446 -32.422 -1.063 
2 24 15.44 -32.422 -1.063 15.44 -30.775 -2.71 
2 24 21.446 -32.422 -1.063 21.446 -33.025 1.187 
2 24 15.44 -33.025 1.187 15.44 -32.422 -1.063 
2 24 21.446 -33.025 1.187 21.446 -32.422 3.437 
2 24 15.44 -32.422 3.437 15.44 -33.025 1.187 
2 24 3.373 -31.517 -1.999 3.637 -32.422 -1.063 
2 24 3.635 -35.753 -4.134 3.373 -31.517 -1.999 
2 24 3.637 -32.422 -1.063 3.903 -36.542 -2.284 
2 24 1.55 -44.168 -6.538 0.505 -35.766 -4.284 
2 24 3.635 -35.753 -4.134 4.239 -44.157 -6.409 
2 24 3.903 -36.542 -2.284 4.478 -44.389 -4.348 
2 24 4.239 -44.157 -6.409 4.621 -49.855 -6.336 
2 24 2.036 -49.718 -6.542 1.55 -44.168 -6.538 
2 24 4.478 -44.389 -4.348 4.887 -49.96 -4.615 
2 24 3.637 -32.422 -1.063 3.696 -33.025 1.187 
2 24 5.965 -55.906 -4.778 4.985 -55.906 -4.778 
2 24 3.236 -30.368 5.2 3.575 -36.205 8.036 
2 24 3.656 -30.775 5.084 3.236 -30.368 5.2 
2 24 3.696 -33.025 1.187 3.676 -32.422 3.437 
2 24 3.575 -36.205 8.036 4.206 -44.679 8.928 
2 24 4.508 -44.763 6.489 3.914 -36.7 5.887 
2 24 4.508 -44.763 6.489 5.204 -48.942 6.353 
2 24 4.206 -44.679 8.928 4.618 -49.006 8.803 
2 24 0.819 -36.205 8.036 1.243 -44.679 8.928 
2 24 1.243 -44.679 8.928 1.26 -49.006 8.803 
2 24 -0.61 -30.368 5.2 0.819 -36.205 8.036 
2 24 3.236 -30.368 5.2 -0.61 -30.368 5.2 
2 24 -0.61 -30.368 5.2 -0.876 -30.775 5.084 
2 24 -0.876 -30.775 5.084 -0.916 -32.422 3.437 
2 24 1.116 -54.95 7.804 0.607 -55.906 5.763 
2 24 5.442 -55.608 5.881 5.17 -54.574 7.73 
2 24 5.965 -55.902 4.754 5.204 -48.942 6.353 
2 24 5.442 -55.608 5.881 5.965 -55.902 4.754 
2 24 5.965 -55.906 -4.778 5.965 -55.902 4.754 
2 24 0.607 -55.906 5.763 0.137 -55.906 2.067 
2 24 0.137 -55.906 2.067 1.009 -55.906 -2.583 
2 24 1.009 -55.906 -2.583 2.779 -55.906 -4.778 
2 24 2.779 -55.906 -4.778 4.985 -55.906 -4.778 
2 24 5.965 -62.347 4 5.965 -64.402 3.512 
2 24 5.965 -60.347 3.464 5.965 -62.347 4 
2 24 5.965 -61.999 8.061 5.965 -59.882 7.72 
2 24 5.965 -59.882 7.72 5.965 -57.659 6.567 
2 24 5.965 -57.659 6.567 5.965 -55.902 4.754 
2 24 5.965 -58.883 2 5.965 -60.347 3.464 
2 24 5.965 -58.347 0 5.965 -58.883 2 
2 24 5.965 -58.883 -2 5.965 -58.347 0 
2 24 5.965 -55.906 -4.778 5.965 -57.659 -6.554 
2 24 5.965 -60.347 -3.464 5.965 -58.883 -2 
2 24 5.965 -57.659 -6.554 5.965 -59.882 -7.724 
2 24 5.965 -64.998 3.516 5.965 -64.998 7.606 
2 24 5.965 -64.402 3.512 5.965 -64.998 3.516 
2 24 5.965 -64.998 7.606 5.965 -61.999 8.061 
2 24 5.965 -62.347 -4 5.965 -60.347 -3.464 
2 24 5.965 -59.882 -7.724 5.965 -62.035 -8.14 
2 24 5.965 -64.998 -3.56 5.965 -64.408 -3.538 
2 24 5.965 -64.998 -7.759 5.965 -64.998 -3.56 
2 24 5.965 -62.035 -8.14 5.965 -64.998 -7.759 
2 24 5.965 -64.408 -3.538 5.965 -62.347 -4 
2 24 4.618 -49.006 8.803 5.17 -54.574 7.73 
2 24 1.26 -49.006 8.803 1.116 -54.95 7.804 
2 24 2.036 -49.718 -6.542 2.779 -55.906 -4.778 
2 24 4.621 -49.855 -6.336 4.985 -55.906 -4.778 
2 24 4.985 -55.906 -4.778 4.887 -49.96 -4.615 
2 24 -0.956 -33.025 1.187 -0.498 -32.422 -1.063 
2 24 3.914 -36.7 5.887 3.676 -32.422 3.437 
2 24 3.676 -32.422 3.437 3.656 -30.775 5.084 
2 24 -0.916 -32.422 3.437 -0.956 -33.025 1.187 
2 24 -0.017 -31.517 -1.999 0.505 -35.766 -4.284 
2 24 -0.498 -32.422 -1.063 -0.017 -31.517 -1.999 
2 24 -0.017 -31.517 -1.999 3.373 -31.517 -1.999 
2 24 14.035 -57.659 -6.554 14.035 -59.882 -7.724 
2 24 14.035 -55.906 -4.778 14.035 -57.659 -6.554 
2 24 5.965 -55.906 -4.778 14.035 -55.906 -4.778 
2 24 14.035 -57.659 6.567 14.035 -55.906 4.741 
2 24 14.035 -55.906 4.741 5.965 -55.902 4.754 
2 24 14.035 -59.882 7.72 14.035 -57.659 6.567 
2 24 14.035 -61.999 8.061 14.035 -59.882 7.72 
2 24 16.627 -31.517 -1.999 16.365 -35.753 -4.134 
2 24 16.363 -32.422 -1.063 16.627 -31.517 -1.999 
2 24 16.097 -36.542 -2.284 16.363 -32.422 -1.063 
2 24 19.495 -35.766 -4.284 18.45 -44.168 -6.538 
2 24 15.761 -44.157 -6.409 16.365 -35.753 -4.134 
2 24 15.522 -44.389 -4.348 16.097 -36.542 -2.284 
2 24 15.379 -49.855 -6.336 15.761 -44.157 -6.409 
2 24 18.45 -44.168 -6.538 17.964 -49.718 -6.542 
2 24 15.113 -49.96 -4.615 15.522 -44.389 -4.348 
2 24 16.304 -33.025 1.187 16.363 -32.422 -1.063 
2 24 15.015 -55.906 -4.778 14.035 -55.906 -4.778 
2 24 16.425 -36.205 8.036 16.764 -30.368 5.2 
2 24 16.764 -30.368 5.2 16.344 -30.775 5.084 
2 24 16.324 -32.422 3.437 16.304 -33.025 1.187 
2 24 15.794 -44.679 8.928 16.425 -36.205 8.036 
2 24 16.086 -36.7 5.887 15.492 -44.763 6.489 
2 24 14.796 -48.942 6.353 15.492 -44.763 6.489 
2 24 15.382 -49.006 8.803 15.794 -44.679 8.928 
2 24 18.757 -44.679 8.928 19.181 -36.205 8.036 
2 24 18.74 -49.006 8.803 18.757 -44.679 8.928 
2 24 19.181 -36.205 8.036 20.61 -30.368 5.2 
2 24 20.61 -30.368 5.2 16.764 -30.368 5.2 
2 24 20.876 -30.775 5.084 20.61 -30.368 5.2 
2 24 20.916 -32.422 3.437 20.876 -30.775 5.084 
2 24 19.393 -55.906 5.763 18.884 -54.95 7.804 
2 24 14.83 -54.574 7.73 14.558 -55.608 5.881 
2 24 14.035 -55.906 4.741 14.558 -55.608 5.881 
2 24 14.796 -48.942 6.353 14.035 -55.906 4.741 
2 24 14.035 -55.906 4.741 14.035 -55.906 -4.778 
2 24 19.863 -55.906 2.067 19.393 -55.906 5.763 
2 24 18.991 -55.906 -2.583 19.863 -55.906 2.067 
2 24 15.015 -55.906 -4.778 17.221 -55.906 -4.778 
2 24 17.221 -55.906 -4.778 18.991 -55.906 -2.583 
2 24 14.035 -64.402 3.512 14.035 -62.347 4 
2 24 14.035 -60.347 3.464 14.035 -62.347 4 
2 24 14.035 -58.883 2 14.035 -60.347 3.464 
2 24 14.035 -58.347 0 14.035 -58.883 2 
2 24 14.035 -58.883 -2 14.035 -58.347 0 
2 24 14.035 -60.347 -3.464 14.035 -58.883 -2 
2 24 14.035 -64.402 3.512 5.965 -64.402 3.512 
2 24 14.035 -64.998 3.516 14.035 -64.402 3.512 
2 24 14.035 -64.998 7.606 14.035 -64.998 3.516 
2 24 14.035 -61.999 8.061 14.035 -64.998 7.606 
2 24 5.965 -64.998 7.606 14.035 -64.998 7.606 
2 24 5.965 -64.998 3.516 14.035 -64.998 3.516 
2 24 14.035 -60.347 -3.464 14.035 -62.347 -4 
2 24 14.035 -62.035 -8.14 14.035 -59.882 -7.724 
2 24 14.035 -64.998 -3.56 14.035 -64.998 -7.759 
2 24 14.035 -64.408 -3.538 14.035 -64.998 -3.56 
2 24 14.035 -64.998 -7.759 14.035 -62.035 -8.14 
2 24 14.035 -64.998 -7.759 5.965 -64.998 -7.759 
2 24 5.965 -64.998 -3.56 14.035 -64.998 -3.56 
2 24 14.035 -64.408 -3.538 5.965 -64.408 -3.538 
2 24 14.035 -64.408 -3.538 14.035 -62.347 -4 
2 24 14.83 -54.574 7.73 15.382 -49.006 8.803 
2 24 18.884 -54.95 7.804 18.74 -49.006 8.803 
2 24 17.221 -55.906 -4.778 17.964 -49.718 -6.542 
2 24 15.015 -55.906 -4.778 15.379 -49.855 -6.336 
2 24 15.113 -49.96 -4.615 15.015 -55.906 -4.778 
2 24 20.498 -32.422 -1.063 20.956 -33.025 1.187 
2 24 16.344 -30.775 5.084 16.324 -32.422 3.437 
2 24 16.324 -32.422 3.437 16.086 -36.7 5.887 
2 24 20.956 -33.025 1.187 20.916 -32.422 3.437 
2 24 20.017 -31.517 -1.999 20.498 -32.422 -1.063 
2 24 19.495 -35.766 -4.284 20.017 -31.517 -1.999 
2 24 16.627 -31.517 -1.999 20.017 -31.517 -1.999 

0 // Inside
3 16 11.066 0 -0.529 8.934 0 -0.529 6.311 0 6.971 
3 16 -9.084 0 6.971 -6.197 0 6.971 -9.084 0 -0.504 
3 16 -9.084 0 -0.504 -6.197 0 6.971 -6.202 0 -0.305 
3 16 -6.265 0 -6.877 -8.491 0 -3.283 -5.383 0 -3.698 
3 16 -6.265 0 -6.877 -5.383 0 -3.698 -3.095 0 -5.986 
3 16 -2.546 0 -9.829 -6.265 0 -6.877 -3.095 0 -5.986 
3 16 -2.546 0 -9.829 -3.095 0 -5.986 0.03 0 -6.823 
3 16 2.454 0 -9.829 -2.546 0 -9.829 0.03 0 -6.823 
3 16 5.64 0 -7.151 2.454 0 -9.829 3.155 0 -5.986 
3 16 3.155 0 -5.986 2.454 0 -9.829 0.03 0 -6.823 
3 16 5.64 0 -7.151 3.155 0 -5.986 5.442 0 -3.698 
3 16 5.442 0 -3.698 8.223 0 -3.31 5.64 0 -7.151 
3 16 5.442 0 -3.698 6.294 0 -0.573 8.223 0 -3.31 
3 16 8.223 0 -3.31 6.294 0 -0.573 8.934 0 -0.529 
3 16 6.311 0 6.971 8.934 0 -0.529 6.294 0 -0.573 
3 16 5.442 0 -3.698 5.442 -5.3 -3.698 6.294 0 -0.573 
3 16 6.294 0 -0.573 5.442 -5.3 -3.698 6.294 -5.3 -0.573 
3 16 3.155 0 -5.986 3.155 -5.3 -5.986 5.442 0 -3.698 
3 16 5.442 0 -3.698 3.155 -5.3 -5.986 5.442 -5.3 -3.698 
3 16 0.03 0 -6.823 0.03 -5.3 -6.823 3.155 0 -5.986 
3 16 3.155 0 -5.986 0.03 -5.3 -6.823 3.155 -5.3 -5.986 
3 16 0.03 -5.3 -6.823 0.03 0 -6.823 -3.095 -5.3 -5.986 
3 16 0.03 0 -6.823 -3.095 0 -5.986 -3.095 -5.3 -5.986 
3 16 -3.095 -5.3 -5.986 -3.095 0 -5.986 -5.383 -5.3 -3.698 
3 16 -3.095 0 -5.986 -5.383 0 -3.698 -5.383 -5.3 -3.698 
3 16 -5.383 0 -3.698 -8.491 0 -3.283 -6.202 0 -0.305 
3 16 -8.491 0 -3.283 -9.084 0 -0.504 -6.202 0 -0.305 
3 16 -6.202 0 -0.305 -6.202 -5.3 -0.305 -5.383 0 -3.698 
3 16 -6.202 -5.3 -0.305 -5.383 -5.3 -3.698 -5.383 0 -3.698 
3 16 -6.202 -5.3 -0.305 -6.202 0 -0.305 -6.197 -5.3 6.971 
3 16 -6.202 0 -0.305 -6.197 0 6.971 -6.197 -5.3 6.971 
3 16 6.313 -5.3 6.971 6.294 -5.3 -0.573 -6.197 -5.3 6.971 
3 16 -6.197 -5.3 6.971 6.294 -5.3 -0.573 -6.202 -5.3 -0.305 
3 16 -5.383 -5.3 -3.698 -6.202 -5.3 -0.305 5.442 -5.3 -3.698 
3 16 -6.202 -5.3 -0.305 6.294 -5.3 -0.573 5.442 -5.3 -3.698 
3 16 3.155 -5.3 -5.986 -3.095 -5.3 -5.986 -5.383 -5.3 -3.698 
3 16 -3.095 -5.3 -5.986 3.155 -5.3 -5.986 0.03 -5.3 -6.823 
3 16 3.155 -5.3 -5.986 -5.383 -5.3 -3.698 5.442 -5.3 -3.698 
3 16 6.294 0 -0.573 6.294 -5.3 -0.573 6.311 0 6.971 
3 16 6.311 0 6.971 6.294 -5.3 -0.573 6.313 -5.3 6.971 
3 16 29.084 0 6.971 29.084 0 -0.504 26.197 0 6.971 
3 16 29.084 0 -0.504 26.202 0 -0.305 26.197 0 6.971 
3 16 26.265 0 -6.877 25.383 0 -3.698 28.491 0 -3.283 
3 16 26.265 0 -6.877 23.095 0 -5.986 25.383 0 -3.698 
3 16 22.546 0 -9.829 23.095 0 -5.986 26.265 0 -6.877 
3 16 22.546 0 -9.829 19.97 0 -6.823 23.095 0 -5.986 
3 16 17.546 0 -9.829 19.97 0 -6.823 22.546 0 -9.829 
3 16 14.36 0 -7.151 16.845 0 -5.986 17.546 0 -9.829 
3 16 16.845 0 -5.986 19.97 0 -6.823 17.546 0 -9.829 
3 16 14.36 0 -7.151 14.558 0 -3.698 16.845 0 -5.986 
3 16 14.558 0 -3.698 14.36 0 -7.151 11.777 0 -3.31 
3 16 14.558 0 -3.698 11.777 0 -3.31 13.706 0 -0.573 
3 16 11.777 0 -3.31 11.066 0 -0.529 13.706 0 -0.573 
3 16 6.311 0 6.971 13.689 0 6.971 11.066 0 -0.529 
3 16 13.689 0 6.971 13.706 0 -0.573 11.066 0 -0.529 
3 16 14.558 -5.3 -3.698 14.558 0 -3.698 13.706 -5.3 -0.573 
3 16 14.558 0 -3.698 13.706 0 -0.573 13.706 -5.3 -0.573 
3 16 16.845 -5.3 -5.986 16.845 0 -5.986 14.558 -5.3 -3.698 
3 16 14.558 -5.3 -3.698 16.845 0 -5.986 14.558 0 -3.698 
3 16 19.97 -5.3 -6.823 19.97 0 -6.823 16.845 -5.3 -5.986 
3 16 19.97 0 -6.823 16.845 0 -5.986 16.845 -5.3 -5.986 
3 16 19.97 0 -6.823 19.97 -5.3 -6.823 23.095 0 -5.986 
3 16 23.095 0 -5.986 19.97 -5.3 -6.823 23.095 -5.3 -5.986 
3 16 23.095 0 -5.986 23.095 -5.3 -5.986 25.383 0 -3.698 
3 16 25.383 0 -3.698 23.095 -5.3 -5.986 25.383 -5.3 -3.698 
3 16 25.383 0 -3.698 26.202 0 -0.305 28.491 0 -3.283 
3 16 28.491 0 -3.283 26.202 0 -0.305 29.084 0 -0.504 
3 16 25.383 -5.3 -3.698 26.202 0 -0.305 25.383 0 -3.698 
3 16 25.383 -5.3 -3.698 26.202 -5.3 -0.305 26.202 0 -0.305 
3 16 26.197 -5.3 6.971 26.197 0 6.971 26.202 -5.3 -0.305 
3 16 26.202 0 -0.305 26.202 -5.3 -0.305 26.197 0 6.971 
3 16 13.706 -5.3 -0.573 13.687 -5.3 6.971 26.202 -5.3 -0.305 
3 16 13.687 -5.3 6.971 26.197 -5.3 6.971 26.202 -5.3 -0.305 
3 16 26.202 -5.3 -0.305 25.383 -5.3 -3.698 13.706 -5.3 -0.573 
3 16 13.706 -5.3 -0.573 25.383 -5.3 -3.698 14.558 -5.3 -3.698 
3 16 23.095 -5.3 -5.986 14.558 -5.3 -3.698 25.383 -5.3 -3.698 
3 16 23.095 -5.3 -5.986 19.97 -5.3 -6.823 16.845 -5.3 -5.986 
3 16 23.095 -5.3 -5.986 16.845 -5.3 -5.986 14.558 -5.3 -3.698 
3 16 13.706 -5.3 -0.573 13.706 0 -0.573 13.687 -5.3 6.971 
3 16 13.706 0 -0.573 13.689 0 6.971 13.687 -5.3 6.971 
2 24 11.066 0 -0.529 8.934 0 -0.529 
2 24 -9.084 0 6.971 -6.197 0 6.971 
2 24 -9.084 0 -0.504 -9.084 0 6.971 
2 24 -6.197 0 6.971 -6.202 0 -0.305 
2 24 -6.265 0 -6.877 -8.491 0 -3.283 
2 24 -5.383 0 -3.698 -3.095 0 -5.986 
2 24 -2.546 0 -9.829 -6.265 0 -6.877 
2 24 -3.095 0 -5.986 0.03 0 -6.823 
2 24 2.454 0 -9.829 -2.546 0 -9.829 
2 24 5.64 0 -7.151 2.454 0 -9.829 
2 24 0.03 0 -6.823 3.155 0 -5.986 
2 24 3.155 0 -5.986 5.442 0 -3.698 
2 24 8.223 0 -3.31 5.64 0 -7.151 
2 24 5.442 0 -3.698 6.294 0 -0.573 
2 24 8.934 0 -0.529 8.223 0 -3.31 
2 24 6.294 0 -0.573 6.311 0 6.971 
2 24 5.442 -5.3 -3.698 6.294 -5.3 -0.573 
2 24 3.155 -5.3 -5.986 5.442 -5.3 -3.698 
2 24 0.03 -5.3 -6.823 3.155 -5.3 -5.986 
2 24 -3.095 -5.3 -5.986 0.03 -5.3 -6.823 
2 24 -5.383 -5.3 -3.698 -3.095 -5.3 -5.986 
2 24 -6.202 0 -0.305 -5.383 0 -3.698 
2 24 -8.491 0 -3.283 -9.084 0 -0.504 
2 24 -6.202 -5.3 -0.305 -5.383 -5.3 -3.698 
2 24 -6.197 -5.3 6.971 -6.202 -5.3 -0.305 
2 24 -6.197 0 6.971 -6.197 -5.3 6.971 
2 24 6.313 -5.3 6.971 6.294 -5.3 -0.573 
2 24 -6.197 -5.3 6.971 6.313 -5.3 6.971 
2 24 6.313 -5.3 6.971 6.311 0 6.971 
2 24 29.084 0 6.971 29.084 0 -0.504 
2 24 26.197 0 6.971 29.084 0 6.971 
2 24 26.202 0 -0.305 26.197 0 6.971 
2 24 28.491 0 -3.283 26.265 0 -6.877 
2 24 23.095 0 -5.986 25.383 0 -3.698 
2 24 26.265 0 -6.877 22.546 0 -9.829 
2 24 19.97 0 -6.823 23.095 0 -5.986 
2 24 22.546 0 -9.829 17.546 0 -9.829 
2 24 17.546 0 -9.829 14.36 0 -7.151 
2 24 16.845 0 -5.986 19.97 0 -6.823 
2 24 14.558 0 -3.698 16.845 0 -5.986 
2 24 14.36 0 -7.151 11.777 0 -3.31 
2 24 13.706 0 -0.573 14.558 0 -3.698 
2 24 11.777 0 -3.31 11.066 0 -0.529 
2 24 6.311 0 6.971 13.689 0 6.971 
2 24 13.689 0 6.971 13.706 0 -0.573 
2 24 13.706 -5.3 -0.573 14.558 -5.3 -3.698 
2 24 14.558 -5.3 -3.698 16.845 -5.3 -5.986 
2 24 16.845 -5.3 -5.986 19.97 -5.3 -6.823 
2 24 19.97 -5.3 -6.823 23.095 -5.3 -5.986 
2 24 23.095 -5.3 -5.986 25.383 -5.3 -3.698 
2 24 25.383 0 -3.698 26.202 0 -0.305 
2 24 29.084 0 -0.504 28.491 0 -3.283 
2 24 25.383 -5.3 -3.698 26.202 -5.3 -0.305 
2 24 26.197 -5.3 6.971 26.197 0 6.971 
2 24 26.202 -5.3 -0.305 26.197 -5.3 6.971 
2 24 13.706 -5.3 -0.573 13.687 -5.3 6.971 
2 24 13.687 -5.3 6.971 26.197 -5.3 6.971 
2 24 13.689 0 6.971 13.687 -5.3 6.971 

