0 DOUB. SNAP 3M, W. Ø10.2 BALLS (Needs Work)
0 Name: 90634.dat
0 Author: <AuthorRealName> [<AuthorLDrawName>]
0 !LDRAW_ORG Unofficial_Part
0 !LICENSE Redistributable under CCAL version 2.0 : see CAreadme.txt

0 BFC CERTIFY CCW

0 !HISTORY 2013-08-14 {LEGO Digital Designer} Original part shape
0 !HISTORY 2013-08-14 [<AuthorLDrawName>] File preparation for LDraw Parts Tracker

0 // Needs Work: Clean necessary

0 // Outside
3 16 3.248 0 -5.64 1.248 0 -2.75 2.905 0 -2.75 
3 16 1.248 0 -6.379 1.248 0 -2.75 3.248 0 -5.64 
3 16 6.498 -2 -0.011 5.627 -2 -3.261 5.627 0 -3.261 
3 16 6.498 0 -0.011 6.498 -2 -0.011 5.627 0 -3.261 
3 16 5.627 -2 -3.261 3.248 -2 -5.64 3.248 0 -5.64 
3 16 5.627 0 -3.261 5.627 -2 -3.261 3.248 0 -5.64 
3 16 1.248 0 -6.379 3.248 0 -5.64 3.248 -2 -5.64 
3 16 1.248 -2 -6.379 1.248 0 -6.379 3.248 -2 -5.64 
3 16 4 0 -0.011 6.498 0 -0.011 3.716 0 -1.48 
3 16 5.627 0 -3.261 3.716 0 -1.48 6.498 0 -0.011 
3 16 5.627 0 -3.261 3.248 0 -5.64 2.905 0 -2.75 
3 16 3.716 0 -1.48 5.627 0 -3.261 2.905 0 -2.75 
3 16 4 0 -0.011 3.716 0 -1.48 3.716 -20 -1.48 
3 16 4 -20 -0.011 4 0 -0.011 3.716 -20 -1.48 
3 16 2.905 -20 -2.75 0.623 -7.333 -2.75 -0.002 -7.5 -2.75 
3 16 -2.905 -20 -2.75 2.905 -20 -2.75 -0.002 -7.5 -2.75 
3 16 0.623 -7.333 -2.75 2.905 -20 -2.75 1.081 -6.875 -2.75 
3 16 1.081 -6.875 -2.75 2.905 -20 -2.75 1.248 -6.25 -2.75 
3 16 1.248 -6.25 -2.75 2.905 0 -2.75 1.248 0 -2.75 
3 16 2.905 -20 -2.75 2.905 0 -2.75 1.248 -6.25 -2.75 
3 16 3.716 0 -1.48 2.905 0 -2.75 2.905 -20 -2.75 
3 16 3.716 -20 -1.48 3.716 0 -1.48 2.905 -20 -2.75 
3 16 5.627 -2 -3.261 5.086 -2 -2.949 3.248 -2 -5.64 
3 16 2.936 -2 -5.099 3.248 -2 -5.64 5.086 -2 -2.949 
3 16 1.248 -2 -6.379 3.248 -2 -5.64 2.936 -2 -5.099 
3 16 1.25 -2 -5.74 1.248 -2 -6.379 2.936 -2 -5.099 
3 16 1.248 0 -6.379 1.25 -2 -5.74 1.248 0 -2.75 
3 16 1.248 -2 -6.379 1.25 -2 -5.74 1.248 0 -6.379 
3 16 1.248 -6.25 -2.75 1.25 -2 -5.74 1.248 -6.25 -5.637 
3 16 1.248 0 -2.75 1.25 -2 -5.74 1.248 -6.25 -2.75 
3 16 1.081 -6.875 -5.671 1.081 -6.875 -2.75 1.248 -6.25 -2.75 
3 16 1.248 -6.25 -5.637 1.081 -6.875 -5.671 1.248 -6.25 -2.75 
3 16 0.623 -7.333 -5.762 0.623 -7.333 -2.75 1.081 -6.875 -2.75 
3 16 1.081 -6.875 -5.671 0.623 -7.333 -5.762 1.081 -6.875 -2.75 
3 16 -0.002 -7.5 -5.886 -0.002 -7.5 -2.75 0.623 -7.333 -2.75 
3 16 0.623 -7.333 -5.762 -0.002 -7.5 -5.886 0.623 -7.333 -2.75 
3 16 5.873 -2 -0.011 5.627 -2 -3.261 6.498 -2 -0.011 
3 16 5.086 -2 -2.949 5.627 -2 -3.261 5.873 -2 -0.011 
3 16 5.086 -2 -2.949 5.873 -2 -0.011 5.873 -18 -0.011 
3 16 5.086 -18 -2.949 5.086 -2 -2.949 5.873 -18 -0.011 
3 16 2.936 -2 -5.099 5.086 -2 -2.949 5.086 -18 -2.949 
3 16 2.936 -18 -5.099 2.936 -2 -5.099 5.086 -18 -2.949 
3 16 2.936 -2 -5.099 2.936 -18 -5.099 1.248 -6.25 -5.637 
3 16 1.25 -2 -5.74 2.936 -2 -5.099 1.248 -6.25 -5.637 
3 16 1.081 -6.875 -5.671 2.936 -18 -5.099 0.623 -7.333 -5.762 
3 16 2.936 -18 -5.099 -0.002 -18 -5.886 0.623 -7.333 -5.762 
3 16 -0.002 -7.5 -5.886 0.623 -7.333 -5.762 -0.002 -18 -5.886 
3 16 2.936 -18 -5.099 1.081 -6.875 -5.671 1.248 -6.25 -5.637 
3 16 3.248 0 5.618 2.905 0 2.75 1.248 0 2.75 
3 16 1.248 0 6.379 3.248 0 5.618 1.248 0 2.75 
3 16 5.627 -2 3.239 6.498 0 -0.011 5.627 0 3.239 
3 16 6.498 -2 -0.011 6.498 0 -0.011 5.627 -2 3.239 
3 16 3.248 -2 5.618 5.627 0 3.239 3.248 0 5.618 
3 16 5.627 -2 3.239 5.627 0 3.239 3.248 -2 5.618 
3 16 3.248 0 5.618 1.248 -2 6.379 3.248 -2 5.618 
3 16 1.248 0 6.379 1.248 -2 6.379 3.248 0 5.618 
3 16 4 0 -0.011 3.718 0 1.475 6.498 0 -0.011 
3 16 5.627 0 3.239 6.498 0 -0.011 3.718 0 1.475 
3 16 5.627 0 3.239 2.905 0 2.75 3.248 0 5.618 
3 16 3.718 0 1.475 2.905 0 2.75 5.627 0 3.239 
3 16 3.718 0 1.475 4 -20 -0.011 3.718 -20 1.475 
3 16 4 0 -0.011 4 -20 -0.011 3.718 0 1.475 
3 16 -0.002 -7.5 2.75 2.905 -20 2.75 -2.905 -20 2.75 
3 16 0.623 -7.333 2.75 2.905 -20 2.75 -0.002 -7.5 2.75 
3 16 0.623 -7.333 2.75 1.081 -6.875 2.75 2.905 -20 2.75 
3 16 1.081 -6.875 2.75 1.248 -6.25 2.75 2.905 -20 2.75 
3 16 1.248 -6.25 2.75 1.248 0 2.75 2.905 0 2.75 
3 16 2.905 -20 2.75 1.248 -6.25 2.75 2.905 0 2.75 
3 16 2.905 0 2.75 3.718 -20 1.475 2.905 -20 2.75 
3 16 3.718 0 1.475 3.718 -20 1.475 2.905 0 2.75 
3 16 5.086 -2 2.926 5.627 -2 3.239 2.936 -2 5.077 
3 16 3.248 -2 5.618 2.936 -2 5.077 5.627 -2 3.239 
3 16 3.248 -2 5.618 1.248 -2 5.74 2.936 -2 5.077 
3 16 1.248 -2 6.379 1.248 -2 5.74 3.248 -2 5.618 
3 16 1.248 0 6.379 1.248 0 2.75 1.248 -2 5.74 
3 16 1.248 -2 6.379 1.248 0 6.379 1.248 -2 5.74 
3 16 1.248 -6.25 2.75 1.248 -6.25 5.615 1.248 -2 5.74 
3 16 1.248 0 2.75 1.248 -6.25 2.75 1.248 -2 5.74 
3 16 1.081 -6.875 2.75 1.248 -6.25 5.615 1.248 -6.25 2.75 
3 16 1.081 -6.875 5.649 1.248 -6.25 5.615 1.081 -6.875 2.75 
3 16 0.623 -7.333 2.75 1.081 -6.875 5.649 1.081 -6.875 2.75 
3 16 0.623 -7.333 5.74 1.081 -6.875 5.649 0.623 -7.333 2.75 
3 16 -0.002 -7.5 2.75 0.623 -7.333 5.74 0.623 -7.333 2.75 
3 16 -0.002 -7.5 5.864 0.623 -7.333 5.74 -0.002 -7.5 2.75 
3 16 5.086 -2 2.926 5.873 -2 -0.011 6.498 -2 -0.011 
3 16 5.627 -2 3.239 5.086 -2 2.926 6.498 -2 -0.011 
3 16 5.873 -2 -0.011 5.086 -18 2.926 5.873 -18 -0.011 
3 16 5.086 -2 2.926 5.086 -18 2.926 5.873 -2 -0.011 
3 16 5.086 -2 2.926 2.936 -18 5.077 5.086 -18 2.926 
3 16 2.936 -2 5.077 2.936 -18 5.077 5.086 -2 2.926 
3 16 2.936 -2 5.077 1.248 -6.25 5.615 2.936 -18 5.077 
3 16 1.248 -2 5.74 1.248 -6.25 5.615 2.936 -2 5.077 
3 16 1.081 -6.875 5.649 0.623 -7.333 5.74 2.936 -18 5.077 
3 16 2.936 -18 5.077 0.623 -7.333 5.74 -0.002 -18 5.864 
3 16 -0.002 -7.5 5.864 -0.002 -18 5.864 0.623 -7.333 5.74 
3 16 2.936 -18 5.077 1.248 -6.25 5.615 1.081 -6.875 5.649 
3 16 -3.252 0 -5.64 -2.905 0 -2.75 -1.252 0 -2.75 
3 16 -1.252 0 -6.379 -3.252 0 -5.64 -1.252 0 -2.75 
3 16 -5.631 -2 -3.261 -6.502 0 -0.011 -5.631 0 -3.261 
3 16 -6.502 -2 -0.011 -6.502 0 -0.011 -5.631 -2 -3.261 
3 16 -3.252 -2 -5.64 -5.631 0 -3.261 -3.252 0 -5.64 
3 16 -5.631 -2 -3.261 -5.631 0 -3.261 -3.252 -2 -5.64 
3 16 -3.252 0 -5.64 -1.252 -2 -6.379 -3.252 -2 -5.64 
3 16 -1.252 0 -6.379 -1.252 -2 -6.379 -3.252 0 -5.64 
3 16 -4 0 -0.011 -3.718 0 -1.475 -6.502 0 -0.011 
3 16 -5.631 0 -3.261 -6.502 0 -0.011 -3.718 0 -1.475 
3 16 -5.631 0 -3.261 -2.905 0 -2.75 -3.252 0 -5.64 
3 16 -3.718 0 -1.475 -2.905 0 -2.75 -5.631 0 -3.261 
3 16 -4 0 -0.011 -3.718 -20 -1.475 -3.718 0 -1.475 
3 16 -4 -20 -0.011 -3.718 -20 -1.475 -4 0 -0.011 
3 16 -0.627 -7.333 -2.75 -2.905 -20 -2.75 -0.002 -7.5 -2.75 
3 16 -0.627 -7.333 -2.75 -1.084 -6.875 -2.75 -2.905 -20 -2.75 
3 16 -1.084 -6.875 -2.75 -1.252 -6.25 -2.75 -2.905 -20 -2.75 
3 16 -1.252 -6.25 -2.75 -1.252 0 -2.75 -2.905 0 -2.75 
3 16 -2.905 -20 -2.75 -1.252 -6.25 -2.75 -2.905 0 -2.75 
3 16 -3.718 0 -1.475 -2.905 -20 -2.75 -2.905 0 -2.75 
3 16 -3.718 -20 -1.475 -2.905 -20 -2.75 -3.718 0 -1.475 
3 16 -5.09 -2 -2.949 -5.631 -2 -3.261 -2.939 -2 -5.099 
3 16 -3.252 -2 -5.64 -2.939 -2 -5.099 -5.631 -2 -3.261 
3 16 -3.252 -2 -5.64 -1.25 -2 -5.74 -2.939 -2 -5.099 
3 16 -1.252 -2 -6.379 -1.25 -2 -5.74 -3.252 -2 -5.64 
3 16 -1.252 0 -6.379 -1.252 0 -2.75 -1.25 -2 -5.74 
3 16 -1.252 -2 -6.379 -1.252 0 -6.379 -1.25 -2 -5.74 
3 16 -1.252 -6.25 -2.75 -1.252 -6.25 -5.637 -1.25 -2 -5.74 
3 16 -1.252 0 -2.75 -1.252 -6.25 -2.75 -1.25 -2 -5.74 
3 16 -1.084 -6.875 -2.75 -1.252 -6.25 -5.637 -1.252 -6.25 -2.75 
3 16 -1.084 -6.875 -5.671 -1.252 -6.25 -5.637 -1.084 -6.875 -2.75 
3 16 -0.627 -7.333 -2.75 -1.084 -6.875 -5.671 -1.084 -6.875 -2.75 
3 16 -0.627 -7.333 -5.762 -1.084 -6.875 -5.671 -0.627 -7.333 -2.75 
3 16 -0.002 -7.5 -2.75 -0.627 -7.333 -5.762 -0.627 -7.333 -2.75 
3 16 -0.002 -7.5 -5.886 -0.627 -7.333 -5.762 -0.002 -7.5 -2.75 
3 16 -5.09 -2 -2.949 -5.877 -2 -0.011 -6.502 -2 -0.011 
3 16 -5.631 -2 -3.261 -5.09 -2 -2.949 -6.502 -2 -0.011 
3 16 -5.877 -2 -0.011 -5.09 -18 -2.949 -5.877 -18 -0.011 
3 16 -5.09 -2 -2.949 -5.09 -18 -2.949 -5.877 -2 -0.011 
3 16 -5.09 -2 -2.949 -2.939 -18 -5.099 -5.09 -18 -2.949 
3 16 -2.939 -2 -5.099 -2.939 -18 -5.099 -5.09 -2 -2.949 
3 16 -2.939 -2 -5.099 -1.252 -6.25 -5.637 -2.939 -18 -5.099 
3 16 -1.25 -2 -5.74 -1.252 -6.25 -5.637 -2.939 -2 -5.099 
3 16 -1.084 -6.875 -5.671 -0.627 -7.333 -5.762 -2.939 -18 -5.099 
3 16 -2.939 -18 -5.099 -0.627 -7.333 -5.762 -0.002 -18 -5.886 
3 16 -0.002 -7.5 -5.886 -0.002 -18 -5.886 -0.627 -7.333 -5.762 
3 16 -2.939 -18 -5.099 -1.252 -6.25 -5.637 -1.084 -6.875 -5.671 
3 16 -3.252 0 5.618 -1.252 0 2.75 -2.905 0 2.75 
3 16 -1.252 0 6.379 -1.252 0 2.75 -3.252 0 5.618 
3 16 -6.502 -2 -0.011 -5.631 -2 3.239 -5.631 0 3.239 
3 16 -6.502 0 -0.011 -6.502 -2 -0.011 -5.631 0 3.239 
3 16 -5.631 -2 3.239 -3.252 -2 5.618 -3.252 0 5.618 
3 16 -5.631 0 3.239 -5.631 -2 3.239 -3.252 0 5.618 
3 16 -1.252 0 6.379 -3.252 0 5.618 -3.252 -2 5.618 
3 16 -1.252 -2 6.379 -1.252 0 6.379 -3.252 -2 5.618 
3 16 -4 0 -0.011 -6.502 0 -0.011 -3.718 0 1.475 
3 16 -5.631 0 3.239 -3.718 0 1.475 -6.502 0 -0.011 
3 16 -5.631 0 3.239 -3.252 0 5.618 -2.905 0 2.75 
3 16 -3.718 0 1.475 -5.631 0 3.239 -2.905 0 2.75 
3 16 -3.718 0 1.475 -3.718 -20 1.475 -4 -20 -0.011 
3 16 -4 0 -0.011 -3.718 0 1.475 -4 -20 -0.011 
3 16 -2.905 -20 2.75 -0.627 -7.333 2.75 -0.002 -7.5 2.75 
3 16 -0.627 -7.333 2.75 -2.905 -20 2.75 -1.084 -6.875 2.75 
3 16 -1.084 -6.875 2.75 -2.905 -20 2.75 -1.252 -6.25 2.75 
3 16 -1.252 -6.25 2.75 -2.905 0 2.75 -1.252 0 2.75 
3 16 -2.905 -20 2.75 -2.905 0 2.75 -1.252 -6.25 2.75 
3 16 -2.905 0 2.75 -2.905 -20 2.75 -3.718 -20 1.475 
3 16 -3.718 0 1.475 -2.905 0 2.75 -3.718 -20 1.475 
3 16 -5.631 -2 3.239 -5.09 -2 2.926 -3.252 -2 5.618 
3 16 -2.939 -2 5.077 -3.252 -2 5.618 -5.09 -2 2.926 
3 16 -1.252 -2 6.379 -3.252 -2 5.618 -2.939 -2 5.077 
3 16 -1.252 -2 5.74 -1.252 -2 6.379 -2.939 -2 5.077 
3 16 -1.252 0 6.379 -1.252 -2 5.74 -1.252 0 2.75 
3 16 -1.252 -2 6.379 -1.252 -2 5.74 -1.252 0 6.379 
3 16 -1.252 -6.25 2.75 -1.252 -2 5.74 -1.252 -6.25 5.615 
3 16 -1.252 0 2.75 -1.252 -2 5.74 -1.252 -6.25 2.75 
3 16 -1.084 -6.875 5.649 -1.084 -6.875 2.75 -1.252 -6.25 2.75 
3 16 -1.252 -6.25 5.615 -1.084 -6.875 5.649 -1.252 -6.25 2.75 
3 16 -0.627 -7.333 5.74 -0.627 -7.333 2.75 -1.084 -6.875 2.75 
3 16 -1.084 -6.875 5.649 -0.627 -7.333 5.74 -1.084 -6.875 2.75 
3 16 -0.002 -7.5 5.864 -0.002 -7.5 2.75 -0.627 -7.333 2.75 
3 16 -0.627 -7.333 5.74 -0.002 -7.5 5.864 -0.627 -7.333 2.75 
3 16 -5.877 -2 -0.011 -5.631 -2 3.239 -6.502 -2 -0.011 
3 16 -5.09 -2 2.926 -5.631 -2 3.239 -5.877 -2 -0.011 
3 16 -5.09 -2 2.926 -5.877 -2 -0.011 -5.877 -18 -0.011 
3 16 -5.09 -18 2.926 -5.09 -2 2.926 -5.877 -18 -0.011 
3 16 -2.939 -2 5.077 -5.09 -2 2.926 -5.09 -18 2.926 
3 16 -2.939 -18 5.077 -2.939 -2 5.077 -5.09 -18 2.926 
3 16 -2.939 -2 5.077 -2.939 -18 5.077 -1.252 -6.25 5.615 
3 16 -1.252 -2 5.74 -2.939 -2 5.077 -1.252 -6.25 5.615 
3 16 -1.084 -6.875 5.649 -2.939 -18 5.077 -0.627 -7.333 5.74 
3 16 -2.939 -18 5.077 -0.002 -18 5.864 -0.627 -7.333 5.74 
3 16 -0.002 -7.5 5.864 -0.627 -7.333 5.74 -0.002 -18 5.864 
3 16 -2.939 -18 5.077 -1.084 -6.875 5.649 -1.252 -6.25 5.615 
3 16 43.25 0 -5.64 41.25 0 -2.75 42.906 0 -2.75 
3 16 41.25 0 -6.379 41.25 0 -2.75 43.25 0 -5.64 
3 16 46.5 -2 -0.011 45.629 -2 -3.261 45.629 0 -3.261 
3 16 46.5 0 -0.011 46.5 -2 -0.011 45.629 0 -3.261 
3 16 45.629 -2 -3.261 43.25 -2 -5.64 43.25 0 -5.64 
3 16 45.629 0 -3.261 45.629 -2 -3.261 43.25 0 -5.64 
3 16 41.25 0 -6.379 43.25 0 -5.64 43.25 -2 -5.64 
3 16 41.25 -2 -6.379 41.25 0 -6.379 43.25 -2 -5.64 
3 16 44.002 0 -0.011 46.5 0 -0.011 43.718 0 -1.48 
3 16 45.629 0 -3.261 43.718 0 -1.48 46.5 0 -0.011 
3 16 45.629 0 -3.261 43.25 0 -5.64 42.906 0 -2.75 
3 16 43.718 0 -1.48 45.629 0 -3.261 42.906 0 -2.75 
3 16 44.002 0 -0.011 43.718 0 -1.48 43.718 -20 -1.48 
3 16 44.002 -20 -0.011 44.002 0 -0.011 43.718 -20 -1.48 
3 16 42.906 -20 -2.75 40.625 -7.333 -2.75 40 -7.5 -2.75 
3 16 37.097 -20 -2.75 42.906 -20 -2.75 40 -7.5 -2.75 
3 16 40.625 -7.333 -2.75 42.906 -20 -2.75 41.083 -6.875 -2.75 
3 16 41.083 -6.875 -2.75 42.906 -20 -2.75 41.25 -6.25 -2.75 
3 16 41.25 -6.25 -2.75 42.906 0 -2.75 41.25 0 -2.75 
3 16 42.906 -20 -2.75 42.906 0 -2.75 41.25 -6.25 -2.75 
3 16 43.718 0 -1.48 42.906 0 -2.75 42.906 -20 -2.75 
3 16 43.718 -20 -1.48 43.718 0 -1.48 42.906 -20 -2.75 
3 16 45.629 -2 -3.261 45.088 -2 -2.949 43.25 -2 -5.64 
3 16 42.938 -2 -5.099 43.25 -2 -5.64 45.088 -2 -2.949 
3 16 41.25 -2 -6.379 43.25 -2 -5.64 42.938 -2 -5.099 
3 16 41.252 -2 -5.74 41.25 -2 -6.379 42.938 -2 -5.099 
3 16 41.25 0 -6.379 41.252 -2 -5.74 41.25 0 -2.75 
3 16 41.25 -2 -6.379 41.252 -2 -5.74 41.25 0 -6.379 
3 16 41.25 -6.25 -2.75 41.252 -2 -5.74 41.25 -6.25 -5.637 
3 16 41.25 0 -2.75 41.252 -2 -5.74 41.25 -6.25 -2.75 
3 16 41.083 -6.875 -5.671 41.083 -6.875 -2.75 41.25 -6.25 -2.75 
3 16 41.25 -6.25 -5.637 41.083 -6.875 -5.671 41.25 -6.25 -2.75 
3 16 40.625 -7.333 -5.762 40.625 -7.333 -2.75 41.083 -6.875 -2.75 
3 16 41.083 -6.875 -5.671 40.625 -7.333 -5.762 41.083 -6.875 -2.75 
3 16 40 -7.5 -5.886 40 -7.5 -2.75 40.625 -7.333 -2.75 
3 16 40.625 -7.333 -5.762 40 -7.5 -5.886 40.625 -7.333 -2.75 
3 16 45.875 -2 -0.011 45.629 -2 -3.261 46.5 -2 -0.011 
3 16 45.088 -2 -2.949 45.629 -2 -3.261 45.875 -2 -0.011 
3 16 45.088 -2 -2.949 45.875 -2 -0.011 45.875 -18 -0.011 
3 16 45.088 -18 -2.949 45.088 -2 -2.949 45.875 -18 -0.011 
3 16 42.938 -2 -5.099 45.088 -2 -2.949 45.088 -18 -2.949 
3 16 42.938 -18 -5.099 42.938 -2 -5.099 45.088 -18 -2.949 
3 16 42.938 -2 -5.099 42.938 -18 -5.099 41.25 -6.25 -5.637 
3 16 41.252 -2 -5.74 42.938 -2 -5.099 41.25 -6.25 -5.637 
3 16 41.083 -6.875 -5.671 42.938 -18 -5.099 40.625 -7.333 -5.762 
3 16 42.938 -18 -5.099 40 -18 -5.886 40.625 -7.333 -5.762 
3 16 40 -7.5 -5.886 40.625 -7.333 -5.762 40 -18 -5.886 
3 16 42.938 -18 -5.099 41.083 -6.875 -5.671 41.25 -6.25 -5.637 
3 16 43.25 0 5.618 42.906 0 2.75 41.25 0 2.75 
3 16 41.25 0 6.379 43.25 0 5.618 41.25 0 2.75 
3 16 45.629 -2 3.239 46.5 0 -0.011 45.629 0 3.239 
3 16 46.5 -2 -0.011 46.5 0 -0.011 45.629 -2 3.239 
3 16 43.25 -2 5.618 45.629 0 3.239 43.25 0 5.618 
3 16 45.629 -2 3.239 45.629 0 3.239 43.25 -2 5.618 
3 16 43.25 0 5.618 41.25 -2 6.379 43.25 -2 5.618 
3 16 41.25 0 6.379 41.25 -2 6.379 43.25 0 5.618 
3 16 44.002 0 -0.011 43.72 0 1.475 46.5 0 -0.011 
3 16 45.629 0 3.239 46.5 0 -0.011 43.72 0 1.475 
3 16 45.629 0 3.239 42.906 0 2.75 43.25 0 5.618 
3 16 43.72 0 1.475 42.906 0 2.75 45.629 0 3.239 
3 16 43.72 0 1.475 44.002 -20 -0.011 43.72 -20 1.475 
3 16 44.002 0 -0.011 44.002 -20 -0.011 43.72 0 1.475 
3 16 40 -7.5 2.75 42.906 -20 2.75 37.097 -20 2.75 
3 16 40.625 -7.333 2.75 42.906 -20 2.75 40 -7.5 2.75 
3 16 40.625 -7.333 2.75 41.083 -6.875 2.75 42.906 -20 2.75 
3 16 41.083 -6.875 2.75 41.25 -6.25 2.75 42.906 -20 2.75 
3 16 41.25 -6.25 2.75 41.25 0 2.75 42.906 0 2.75 
3 16 42.906 -20 2.75 41.25 -6.25 2.75 42.906 0 2.75 
3 16 42.906 0 2.75 43.72 -20 1.475 42.906 -20 2.75 
3 16 43.72 0 1.475 43.72 -20 1.475 42.906 0 2.75 
3 16 45.088 -2 2.926 45.629 -2 3.239 42.938 -2 5.077 
3 16 43.25 -2 5.618 42.938 -2 5.077 45.629 -2 3.239 
3 16 43.25 -2 5.618 41.25 -2 5.74 42.938 -2 5.077 
3 16 41.25 -2 6.379 41.25 -2 5.74 43.25 -2 5.618 
3 16 41.25 0 6.379 41.25 0 2.75 41.25 -2 5.74 
3 16 41.25 -2 6.379 41.25 0 6.379 41.25 -2 5.74 
3 16 41.25 -6.25 2.75 41.25 -6.25 5.615 41.25 -2 5.74 
3 16 41.25 0 2.75 41.25 -6.25 2.75 41.25 -2 5.74 
3 16 41.083 -6.875 2.75 41.25 -6.25 5.615 41.25 -6.25 2.75 
3 16 41.083 -6.875 5.649 41.25 -6.25 5.615 41.083 -6.875 2.75 
3 16 40.625 -7.333 2.75 41.083 -6.875 5.649 41.083 -6.875 2.75 
3 16 40.625 -7.333 5.74 41.083 -6.875 5.649 40.625 -7.333 2.75 
3 16 40 -7.5 2.75 40.625 -7.333 5.74 40.625 -7.333 2.75 
3 16 40 -7.5 5.864 40.625 -7.333 5.74 40 -7.5 2.75 
3 16 45.088 -2 2.926 45.875 -2 -0.011 46.5 -2 -0.011 
3 16 45.629 -2 3.239 45.088 -2 2.926 46.5 -2 -0.011 
3 16 45.875 -2 -0.011 45.088 -18 2.926 45.875 -18 -0.011 
3 16 45.088 -2 2.926 45.088 -18 2.926 45.875 -2 -0.011 
3 16 45.088 -2 2.926 42.938 -18 5.077 45.088 -18 2.926 
3 16 42.938 -2 5.077 42.938 -18 5.077 45.088 -2 2.926 
3 16 42.938 -2 5.077 41.25 -6.25 5.615 42.938 -18 5.077 
3 16 41.25 -2 5.74 41.25 -6.25 5.615 42.938 -2 5.077 
3 16 41.083 -6.875 5.649 40.625 -7.333 5.74 42.938 -18 5.077 
3 16 42.938 -18 5.077 40.625 -7.333 5.74 40 -18 5.864 
3 16 40 -7.5 5.864 40 -18 5.864 40.625 -7.333 5.74 
3 16 42.938 -18 5.077 41.25 -6.25 5.615 41.083 -6.875 5.649 
3 16 36.75 0 -5.64 37.097 0 -2.75 38.75 0 -2.75 
3 16 38.75 0 -6.379 36.75 0 -5.64 38.75 0 -2.75 
3 16 34.371 -2 -3.261 33.5 0 -0.011 34.371 0 -3.261 
3 16 33.5 -2 -0.011 33.5 0 -0.011 34.371 -2 -3.261 
3 16 36.75 -2 -5.64 34.371 0 -3.261 36.75 0 -5.64 
3 16 34.371 -2 -3.261 34.371 0 -3.261 36.75 -2 -5.64 
3 16 36.75 0 -5.64 38.75 -2 -6.379 36.75 -2 -5.64 
3 16 38.75 0 -6.379 38.75 -2 -6.379 36.75 0 -5.64 
3 16 36.002 0 -0.011 36.284 0 -1.475 33.5 0 -0.011 
3 16 34.371 0 -3.261 33.5 0 -0.011 36.284 0 -1.475 
3 16 34.371 0 -3.261 37.097 0 -2.75 36.75 0 -5.64 
3 16 36.284 0 -1.475 37.097 0 -2.75 34.371 0 -3.261 
3 16 36.002 0 -0.011 36.284 -20 -1.475 36.284 0 -1.475 
3 16 36.002 -20 -0.011 36.284 -20 -1.475 36.002 0 -0.011 
3 16 39.375 -7.333 -2.75 37.097 -20 -2.75 40 -7.5 -2.75 
3 16 39.375 -7.333 -2.75 38.917 -6.875 -2.75 37.097 -20 -2.75 
3 16 38.917 -6.875 -2.75 38.75 -6.25 -2.75 37.097 -20 -2.75 
3 16 38.75 -6.25 -2.75 38.75 0 -2.75 37.097 0 -2.75 
3 16 37.097 -20 -2.75 38.75 -6.25 -2.75 37.097 0 -2.75 
3 16 36.284 0 -1.475 37.097 -20 -2.75 37.097 0 -2.75 
3 16 36.284 -20 -1.475 37.097 -20 -2.75 36.284 0 -1.475 
3 16 34.912 -2 -2.949 34.371 -2 -3.261 37.062 -2 -5.099 
3 16 36.75 -2 -5.64 37.062 -2 -5.099 34.371 -2 -3.261 
3 16 36.75 -2 -5.64 38.752 -2 -5.74 37.062 -2 -5.099 
3 16 38.75 -2 -6.379 38.752 -2 -5.74 36.75 -2 -5.64 
3 16 38.75 0 -6.379 38.75 0 -2.75 38.752 -2 -5.74 
3 16 38.75 -2 -6.379 38.75 0 -6.379 38.752 -2 -5.74 
3 16 38.75 -6.25 -2.75 38.75 -6.25 -5.637 38.752 -2 -5.74 
3 16 38.75 0 -2.75 38.75 -6.25 -2.75 38.752 -2 -5.74 
3 16 38.917 -6.875 -2.75 38.75 -6.25 -5.637 38.75 -6.25 -2.75 
3 16 38.917 -6.875 -5.671 38.75 -6.25 -5.637 38.917 -6.875 -2.75 
3 16 39.375 -7.333 -2.75 38.917 -6.875 -5.671 38.917 -6.875 -2.75 
3 16 39.375 -7.333 -5.762 38.917 -6.875 -5.671 39.375 -7.333 -2.75 
3 16 40 -7.5 -2.75 39.375 -7.333 -5.762 39.375 -7.333 -2.75 
3 16 40 -7.5 -5.886 39.375 -7.333 -5.762 40 -7.5 -2.75 
3 16 34.912 -2 -2.949 34.125 -2 -0.011 33.5 -2 -0.011 
3 16 34.371 -2 -3.261 34.912 -2 -2.949 33.5 -2 -0.011 
3 16 34.125 -2 -0.011 34.912 -18 -2.949 34.125 -18 -0.011 
3 16 34.912 -2 -2.949 34.912 -18 -2.949 34.125 -2 -0.011 
3 16 34.912 -2 -2.949 37.062 -18 -5.099 34.912 -18 -2.949 
3 16 37.062 -2 -5.099 37.062 -18 -5.099 34.912 -2 -2.949 
3 16 37.062 -2 -5.099 38.75 -6.25 -5.637 37.062 -18 -5.099 
3 16 38.752 -2 -5.74 38.75 -6.25 -5.637 37.062 -2 -5.099 
3 16 38.917 -6.875 -5.671 39.375 -7.333 -5.762 37.062 -18 -5.099 
3 16 37.062 -18 -5.099 39.375 -7.333 -5.762 40 -18 -5.886 
3 16 40 -7.5 -5.886 40 -18 -5.886 39.375 -7.333 -5.762 
3 16 37.062 -18 -5.099 38.75 -6.25 -5.637 38.917 -6.875 -5.671 
3 16 36.75 0 5.618 38.75 0 2.75 37.097 0 2.75 
3 16 38.75 0 6.379 38.75 0 2.75 36.75 0 5.618 
3 16 33.5 -2 -0.011 34.371 -2 3.239 34.371 0 3.239 
3 16 33.5 0 -0.011 33.5 -2 -0.011 34.371 0 3.239 
3 16 34.371 -2 3.239 36.75 -2 5.618 36.75 0 5.618 
3 16 34.371 0 3.239 34.371 -2 3.239 36.75 0 5.618 
3 16 38.75 0 6.379 36.75 0 5.618 36.75 -2 5.618 
3 16 38.75 -2 6.379 38.75 0 6.379 36.75 -2 5.618 
3 16 36.002 0 -0.011 33.5 0 -0.011 36.284 0 1.475 
3 16 34.371 0 3.239 36.284 0 1.475 33.5 0 -0.011 
3 16 34.371 0 3.239 36.75 0 5.618 37.097 0 2.75 
3 16 36.284 0 1.475 34.371 0 3.239 37.097 0 2.75 
3 16 36.284 0 1.475 36.284 -20 1.475 36.002 -20 -0.011 
3 16 36.002 0 -0.011 36.284 0 1.475 36.002 -20 -0.011 
3 16 37.097 -20 2.75 39.375 -7.333 2.75 40 -7.5 2.75 
3 16 39.375 -7.333 2.75 37.097 -20 2.75 38.917 -6.875 2.75 
3 16 38.917 -6.875 2.75 37.097 -20 2.75 38.75 -6.25 2.75 
3 16 38.75 -6.25 2.75 37.097 0 2.75 38.75 0 2.75 
3 16 37.097 -20 2.75 37.097 0 2.75 38.75 -6.25 2.75 
3 16 37.097 0 2.75 37.097 -20 2.75 36.284 -20 1.475 
3 16 36.284 0 1.475 37.097 0 2.75 36.284 -20 1.475 
3 16 34.371 -2 3.239 34.912 -2 2.926 36.75 -2 5.618 
3 16 37.062 -2 5.077 36.75 -2 5.618 34.912 -2 2.926 
3 16 38.75 -2 6.379 36.75 -2 5.618 37.062 -2 5.077 
3 16 38.75 -2 5.74 38.75 -2 6.379 37.062 -2 5.077 
3 16 38.75 0 6.379 38.75 -2 5.74 38.75 0 2.75 
3 16 38.75 -2 6.379 38.75 -2 5.74 38.75 0 6.379 
3 16 38.75 -6.25 2.75 38.75 -2 5.74 38.75 -6.25 5.615 
3 16 38.75 0 2.75 38.75 -2 5.74 38.75 -6.25 2.75 
3 16 38.917 -6.875 5.649 38.917 -6.875 2.75 38.75 -6.25 2.75 
3 16 38.75 -6.25 5.615 38.917 -6.875 5.649 38.75 -6.25 2.75 
3 16 39.375 -7.333 5.74 39.375 -7.333 2.75 38.917 -6.875 2.75 
3 16 38.917 -6.875 5.649 39.375 -7.333 5.74 38.917 -6.875 2.75 
3 16 40 -7.5 5.864 40 -7.5 2.75 39.375 -7.333 2.75 
3 16 39.375 -7.333 5.74 40 -7.5 5.864 39.375 -7.333 2.75 
3 16 34.125 -2 -0.011 34.371 -2 3.239 33.5 -2 -0.011 
3 16 34.912 -2 2.926 34.371 -2 3.239 34.125 -2 -0.011 
3 16 34.912 -2 2.926 34.125 -2 -0.011 34.125 -18 -0.011 
3 16 34.912 -18 2.926 34.912 -2 2.926 34.125 -18 -0.011 
3 16 37.062 -2 5.077 34.912 -2 2.926 34.912 -18 2.926 
3 16 37.062 -18 5.077 37.062 -2 5.077 34.912 -18 2.926 
3 16 37.062 -2 5.077 37.062 -18 5.077 38.75 -6.25 5.615 
3 16 38.75 -2 5.74 37.062 -2 5.077 38.75 -6.25 5.615 
3 16 38.917 -6.875 5.649 37.062 -18 5.077 39.375 -7.333 5.74 
3 16 37.062 -18 5.077 40 -18 5.864 39.375 -7.333 5.74 
3 16 40 -7.5 5.864 39.375 -7.333 5.74 40 -18 5.864 
3 16 37.062 -18 5.077 38.917 -6.875 5.649 38.75 -6.25 5.615 
3 16 45.875 -18 -0.011 46.495 -18 3.748 47.5 -18 -0.002 
3 16 43.75 -18 6.493 46.495 -18 3.748 45.875 -18 -0.011 
3 16 43.75 -18 6.493 40 -18 5.875 40 -18 7.498 
3 16 45.875 -18 -0.011 40 -18 5.875 43.75 -18 6.493 
3 16 40 -18 7.498 40 -18 5.875 36.25 -18 6.493 
3 16 34.125 -18 -0.011 33.505 -18 3.748 40 -18 5.875 
3 16 40 -18 5.875 33.505 -18 3.748 36.25 -18 6.493 
3 16 33.505 -18 3.748 34.125 -18 -0.011 32.5 -18 -0.002 
3 16 32.5 -18 -0.002 34.125 -18 -0.011 33.505 -18 -3.752 
3 16 40 -18 -5.886 36.25 -18 -6.497 34.125 -18 -0.011 
3 16 34.125 -18 -0.011 36.25 -18 -6.497 33.505 -18 -3.752 
3 16 36.25 -18 -6.497 40 -18 -5.886 40 -18 -7.502 
3 16 40 -18 -7.502 40 -18 -5.886 43.75 -18 -6.497 
3 16 45.875 -18 -0.011 46.495 -18 -3.752 40 -18 -5.886 
3 16 40 -18 -5.886 46.495 -18 -3.752 43.75 -18 -6.497 
3 16 45.875 -18 -0.011 47.5 -18 -0.002 46.495 -18 -3.752 
3 16 32.5 -18 -0.002 32.5 -20 -0.002 33.505 -18 3.748 
3 16 33.505 -18 3.748 32.5 -20 -0.002 33.505 -20 3.748 
3 16 33.505 -18 -3.752 33.505 -20 -3.752 32.5 -18 -0.002 
3 16 32.5 -18 -0.002 33.505 -20 -3.752 32.5 -20 -0.002 
3 16 36.25 -18 -6.497 36.25 -20 -6.497 33.505 -18 -3.752 
3 16 33.505 -18 -3.752 36.25 -20 -6.497 33.505 -20 -3.752 
3 16 40 -18 -7.502 40 -20 -7.502 36.25 -18 -6.497 
3 16 36.25 -18 -6.497 40 -20 -7.502 36.25 -20 -6.497 
3 16 43.75 -18 -6.497 43.75 -20 -6.497 40 -18 -7.502 
3 16 40 -18 -7.502 43.75 -20 -6.497 40 -20 -7.502 
3 16 46.495 -18 -3.752 46.495 -20 -3.752 43.75 -18 -6.497 
3 16 43.75 -18 -6.497 46.495 -20 -3.752 43.75 -20 -6.497 
3 16 47.5 -18 -0.002 47.5 -20 -0.002 46.495 -18 -3.752 
3 16 46.495 -18 -3.752 47.5 -20 -0.002 46.495 -20 -3.752 
3 16 46.495 -18 3.748 46.495 -20 3.748 47.5 -18 -0.002 
3 16 47.5 -18 -0.002 46.495 -20 3.748 47.5 -20 -0.002 
3 16 43.75 -18 6.493 43.75 -20 6.493 46.495 -18 3.748 
3 16 46.495 -18 3.748 43.75 -20 6.493 46.495 -20 3.748 
3 16 40 -18 7.498 40 -20 7.498 43.75 -18 6.493 
3 16 43.75 -18 6.493 40 -20 7.498 43.75 -20 6.493 
3 16 36.25 -18 6.493 36.25 -20 6.493 40 -18 7.498 
3 16 40 -18 7.498 36.25 -20 6.493 40 -20 7.498 
3 16 33.505 -18 3.748 33.505 -20 3.748 36.25 -18 6.493 
3 16 36.25 -18 6.493 33.505 -20 3.748 36.25 -20 6.493 
3 16 5.875 -18 -0.011 6.495 -18 3.748 7.5 -18 -0.002 
3 16 3.75 -18 6.493 6.495 -18 3.748 5.875 -18 -0.011 
3 16 3.75 -18 6.493 0 -18 5.875 0 -18 7.498 
3 16 5.875 -18 -0.011 0 -18 5.875 3.75 -18 6.493 
3 16 0 -18 7.498 0 -18 5.875 -3.75 -18 6.493 
3 16 -5.875 -18 -0.011 -6.495 -18 3.748 0 -18 5.875 
3 16 0 -18 5.875 -6.495 -18 3.748 -3.75 -18 6.493 
3 16 -6.495 -18 3.748 -5.875 -18 -0.011 -7.5 -18 -0.002 
3 16 -7.5 -18 -0.002 -5.875 -18 -0.011 -6.495 -18 -3.752 
3 16 0 -18 -5.886 -3.75 -18 -6.497 -5.875 -18 -0.011 
3 16 -5.875 -18 -0.011 -3.75 -18 -6.497 -6.495 -18 -3.752 
3 16 -3.75 -18 -6.497 0 -18 -5.886 0 -18 -7.502 
3 16 0 -18 -7.502 0 -18 -5.886 3.75 -18 -6.497 
3 16 5.875 -18 -0.011 6.495 -18 -3.752 0 -18 -5.886 
3 16 0 -18 -5.886 6.495 -18 -3.752 3.75 -18 -6.497 
3 16 5.875 -18 -0.011 7.5 -18 -0.002 6.495 -18 -3.752 
3 16 -7.5 -18 -0.002 -7.5 -20 -0.002 -6.495 -18 3.748 
3 16 -6.495 -18 3.748 -7.5 -20 -0.002 -6.495 -20 3.748 
3 16 -6.495 -18 -3.752 -6.495 -20 -3.752 -7.5 -18 -0.002 
3 16 -7.5 -18 -0.002 -6.495 -20 -3.752 -7.5 -20 -0.002 
3 16 -3.75 -18 -6.497 -3.75 -20 -6.497 -6.495 -18 -3.752 
3 16 -6.495 -18 -3.752 -3.75 -20 -6.497 -6.495 -20 -3.752 
3 16 0 -18 -7.502 0 -20 -7.502 -3.75 -18 -6.497 
3 16 -3.75 -18 -6.497 0 -20 -7.502 -3.75 -20 -6.497 
3 16 3.75 -18 -6.497 3.75 -20 -6.497 0 -18 -7.502 
3 16 0 -18 -7.502 3.75 -20 -6.497 0 -20 -7.502 
3 16 6.495 -18 -3.752 6.495 -20 -3.752 3.75 -18 -6.497 
3 16 3.75 -18 -6.497 6.495 -20 -3.752 3.75 -20 -6.497 
3 16 7.5 -18 -0.002 7.5 -20 -0.002 6.495 -18 -3.752 
3 16 6.495 -18 -3.752 7.5 -20 -0.002 6.495 -20 -3.752 
3 16 6.495 -18 3.748 6.495 -20 3.748 7.5 -18 -0.002 
3 16 7.5 -18 -0.002 6.495 -20 3.748 7.5 -20 -0.002 
3 16 3.75 -18 6.493 3.75 -20 6.493 6.495 -18 3.748 
3 16 6.495 -18 3.748 3.75 -20 6.493 6.495 -20 3.748 
3 16 0 -18 7.498 0 -20 7.498 3.75 -18 6.493 
3 16 3.75 -18 6.493 0 -20 7.498 3.75 -20 6.493 
3 16 -3.75 -18 6.493 -3.75 -20 6.493 0 -18 7.498 
3 16 0 -18 7.498 -3.75 -20 6.493 0 -20 7.498 
3 16 -6.495 -18 3.748 -6.495 -20 3.748 -3.75 -18 6.493 
3 16 -3.75 -18 6.493 -6.495 -20 3.748 -3.75 -20 6.493 
3 16 13.875 -52.25 -10.774 13.875 -52.25 -29.432 14.197 -52.25 -11.096 
3 16 14.197 -52.25 -11.096 13.875 -52.25 -29.432 16.103 -52.25 -11.607 
3 16 16.103 -52.25 -11.607 13.875 -52.25 -29.432 17.75 -52.25 -28.393 
3 16 16.103 -52.25 -11.607 17.75 -52.25 -28.393 17.75 -52.25 -11.93 
3 16 13.875 -47.75 -10.774 13.875 -47.75 -29.432 13.875 -48.95 -11.096 
3 16 13.875 -47.75 -29.432 13.875 -50 -28.829 13.875 -48.95 -11.096 
3 16 13.875 -50 -28.829 13.875 -52.25 -29.432 13.875 -51.05 -11.096 
3 16 13.875 -52.25 -29.432 13.875 -52.25 -10.774 13.875 -51.05 -11.096 
3 16 13.875 -48.95 -11.096 13.875 -50 -28.829 13.875 -50 -11.171 
3 16 13.875 -50 -11.171 13.875 -50 -28.829 13.875 -51.05 -11.096 
3 16 13.875 -47.75 -10.774 14.197 -47.75 -11.096 13.875 -47.75 -29.432 
3 16 17.75 -47.75 -28.393 13.875 -47.75 -29.432 16.103 -47.75 -11.607 
3 16 13.875 -47.75 -29.432 14.197 -47.75 -11.096 16.103 -47.75 -11.607 
3 16 17.75 -47.75 -28.393 16.103 -47.75 -11.607 17.75 -47.75 -11.93 
3 16 13.875 -47.75 10.774 13.875 -47.75 29.432 14.197 -47.75 11.096 
3 16 14.197 -47.75 11.096 13.875 -47.75 29.432 16.103 -47.75 11.607 
3 16 16.103 -47.75 11.607 13.875 -47.75 29.432 17.75 -47.75 28.393 
3 16 17.75 -47.75 28.393 17.75 -47.75 11.93 16.103 -47.75 11.607 
3 16 13.875 -52.25 10.774 13.875 -52.25 29.432 13.875 -51.05 11.096 
3 16 13.875 -52.25 29.432 13.875 -50 28.829 13.875 -51.05 11.096 
3 16 13.875 -50 28.829 13.875 -47.75 29.432 13.875 -48.95 11.096 
3 16 13.875 -47.75 29.432 13.875 -47.75 10.774 13.875 -48.95 11.096 
3 16 13.875 -48.95 11.096 13.875 -50 11.171 13.875 -50 28.829 
3 16 13.875 -50 11.171 13.875 -51.05 11.096 13.875 -50 28.829 
3 16 13.875 -52.25 10.774 14.197 -52.25 11.096 13.875 -52.25 29.432 
3 16 17.75 -52.25 28.393 13.875 -52.25 29.432 16.103 -52.25 11.607 
3 16 13.875 -52.25 29.432 14.197 -52.25 11.096 16.103 -52.25 11.607 
3 16 16.103 -52.25 11.607 17.75 -52.25 11.93 17.75 -52.25 28.393 
3 16 17.75 -56.125 29.446 17.75 -56.125 10.774 17.901 -56.125 29.391 
3 16 22.25 -56.125 29.446 22.099 -56.125 29.391 22.25 -56.125 10.774 
3 16 20 -56.125 28.829 17.901 -56.125 29.391 18.95 -56.125 11.096 
3 16 17.901 -56.125 29.391 17.75 -56.125 10.774 18.95 -56.125 11.096 
3 16 22.25 -56.125 10.774 22.099 -56.125 29.391 21.05 -56.125 11.096 
3 16 22.099 -56.125 29.391 20 -56.125 28.829 21.05 -56.125 11.096 
3 16 18.95 -56.125 11.096 20 -56.125 11.171 20 -56.125 28.829 
3 16 20 -56.125 11.171 21.05 -56.125 11.096 20 -56.125 28.829 
3 16 22.25 -43.875 10.774 22.25 -43.875 29.446 22.25 -44.197 11.096 
3 16 22.25 -43.875 29.446 22.25 -43.895 29.426 22.25 -44.197 11.096 
3 16 22.25 -56.125 29.446 22.25 -56.125 10.774 22.25 -56.105 29.426 
3 16 22.25 -56.125 10.774 22.25 -55.803 11.096 22.25 -56.105 29.426 
3 16 22.25 -44.197 11.096 22.25 -43.895 29.426 22.25 -46.103 11.607 
3 16 22.25 -48.701 12.116 22.25 -46.103 11.607 22.25 -43.895 29.426 
3 16 22.25 -50 12.21 22.25 -48.701 12.116 22.25 -43.895 29.426 
3 16 22.25 -51.299 12.116 22.25 -50 27.79 22.25 -56.105 29.426 
3 16 22.25 -56.105 29.426 22.25 -55.803 11.096 22.25 -53.897 11.607 
3 16 22.25 -56.105 29.426 22.25 -53.897 11.607 22.25 -51.299 12.116 
3 16 22.25 -50 12.21 22.25 -43.895 29.426 22.25 -50 27.79 
3 16 22.25 -50 27.79 22.25 -51.299 12.116 22.25 -50 12.21 
3 16 22.25 -43.875 29.446 22.25 -43.875 10.774 22.099 -43.875 29.391 
3 16 17.75 -43.875 29.446 17.901 -43.875 29.391 17.75 -43.875 10.774 
3 16 20 -43.875 28.829 22.099 -43.875 29.391 21.05 -43.875 11.096 
3 16 22.099 -43.875 29.391 22.25 -43.875 10.774 21.05 -43.875 11.096 
3 16 17.75 -43.875 10.774 17.901 -43.875 29.391 18.95 -43.875 11.096 
3 16 17.901 -43.875 29.391 20 -43.875 28.829 18.95 -43.875 11.096 
3 16 21.05 -43.875 11.096 20 -43.875 11.171 20 -43.875 28.829 
3 16 20 -43.875 11.171 18.95 -43.875 11.096 20 -43.875 28.829 
3 16 17.75 -56.125 10.774 17.75 -56.125 29.446 17.75 -55.803 11.096 
3 16 17.75 -56.125 29.446 17.75 -56.105 29.426 17.75 -55.803 11.096 
3 16 17.75 -43.875 29.446 17.75 -43.875 10.774 17.75 -43.895 29.426 
3 16 17.75 -43.875 10.774 17.75 -44.197 11.096 17.75 -43.895 29.426 
3 16 17.75 -55.803 11.096 17.75 -56.105 29.426 17.75 -53.897 11.607 
3 16 17.75 -51.299 12.116 17.75 -53.897 11.607 17.75 -56.105 29.426 
3 16 17.75 -51.299 12.116 17.75 -56.105 29.426 17.75 -50 27.79 
3 16 17.75 -48.701 12.116 17.75 -50 27.79 17.75 -43.895 29.426 
3 16 17.75 -43.895 29.426 17.75 -44.197 11.096 17.75 -46.103 11.607 
3 16 17.75 -43.895 29.426 17.75 -46.103 11.607 17.75 -48.701 12.116 
3 16 17.75 -48.701 12.116 17.75 -50 12.21 17.75 -50 27.79 
3 16 17.75 -50 12.21 17.75 -51.299 12.116 17.75 -50 27.79 
3 16 20 -62.812 0 20 -61.096 -6.406 25.548 -59.609 -6.406 
3 16 20 -61.096 6.406 14.452 -59.609 6.406 20 -62.812 0 
3 16 20 -62.812 0 13.594 -61.096 0 20 -61.096 -6.406 
3 16 20 -61.096 -6.406 14.452 -59.609 -6.406 20 -56.406 -11.096 
3 16 20 -61.096 -6.406 20 -56.406 -11.096 23.203 -55.548 -11.096 
3 16 25.548 -59.609 -6.406 20 -61.096 -6.406 23.203 -55.548 -11.096 
3 16 26.406 -61.096 0 20 -62.812 0 25.548 -59.609 -6.406 
3 16 20 -62.812 0 26.406 -61.096 0 20 -61.096 6.406 
3 16 20 -61.096 6.406 25.548 -59.609 6.406 20 -56.406 11.096 
3 16 20 -56.406 11.096 16.797 -55.548 11.096 20 -61.096 6.406 
3 16 14.452 -59.609 6.406 20 -61.096 6.406 16.797 -55.548 11.096 
3 16 13.594 -61.096 0 20 -62.812 0 14.452 -59.609 6.406 
3 16 13.594 -61.096 0 14.452 -59.609 -6.406 20 -61.096 -6.406 
3 16 14.452 -59.609 -6.406 16.797 -55.548 -11.096 20 -56.406 -11.096 
3 16 23.203 -55.548 -11.096 20 -56.406 -11.096 20 -50 -12.812 
3 16 25.548 -59.609 -6.406 23.203 -55.548 -11.096 25.548 -53.203 -11.096 
3 16 29.609 -55.548 -6.406 25.548 -59.609 -6.406 25.548 -53.203 -11.096 
3 16 26.406 -61.096 0 25.548 -59.609 -6.406 29.609 -55.548 -6.406 
3 16 25.548 -59.609 6.406 20 -61.096 6.406 26.406 -61.096 0 
3 16 23.203 -55.548 11.096 20 -56.406 11.096 25.548 -59.609 6.406 
3 16 16.797 -55.548 11.096 20 -56.406 11.096 20 -50 12.812 
3 16 16.797 -55.548 11.096 14.452 -53.203 11.096 14.452 -59.609 6.406 
3 16 10.391 -55.548 6.406 14.452 -59.609 6.406 14.452 -53.203 11.096 
3 16 14.452 -59.609 6.406 10.391 -55.548 6.406 13.594 -61.096 0 
3 16 13.594 -61.096 0 8.904 -56.406 0 14.452 -59.609 -6.406 
3 16 14.452 -59.609 -6.406 10.391 -55.548 -6.406 16.797 -55.548 -11.096 
3 16 20 -56.406 -11.096 16.797 -55.548 -11.096 20 -50 -12.812 
3 16 25.548 -53.203 -11.096 23.203 -55.548 -11.096 20 -50 -12.812 
3 16 29.609 -55.548 -6.406 25.548 -53.203 -11.096 26.406 -50 -11.096 
3 16 31.096 -50 -6.406 29.609 -55.548 -6.406 26.406 -50 -11.096 
3 16 31.096 -56.406 0 26.406 -61.096 0 29.609 -55.548 -6.406 
3 16 26.406 -61.096 0 31.096 -56.406 0 25.548 -59.609 6.406 
3 16 25.548 -59.609 6.406 29.609 -55.548 6.406 23.203 -55.548 11.096 
3 16 20 -56.406 11.096 23.203 -55.548 11.096 20 -50 12.812 
3 16 14.452 -53.203 11.096 16.797 -55.548 11.096 20 -50 12.812 
3 16 14.452 -53.203 11.096 13.594 -50 11.096 10.391 -55.548 6.406 
3 16 8.904 -56.406 0 13.594 -61.096 0 10.391 -55.548 6.406 
3 16 8.904 -50 6.406 10.391 -55.548 6.406 13.594 -50 11.096 
3 16 8.904 -56.406 0 10.391 -55.548 -6.406 14.452 -59.609 -6.406 
3 16 10.391 -55.548 -6.406 14.452 -53.203 -11.096 16.797 -55.548 -11.096 
3 16 16.797 -55.548 -11.096 14.452 -53.203 -11.096 20 -50 -12.812 
3 16 26.406 -50 -11.096 25.548 -53.203 -11.096 20 -50 -12.812 
3 16 31.096 -50 -6.406 26.406 -50 -11.096 25.548 -46.797 -11.096 
3 16 31.096 -56.406 0 29.609 -55.548 -6.406 31.096 -50 -6.406 
3 16 29.609 -55.548 6.406 25.548 -59.609 6.406 31.096 -56.406 0 
3 16 25.548 -53.203 11.096 23.203 -55.548 11.096 29.609 -55.548 6.406 
3 16 23.203 -55.548 11.096 25.548 -53.203 11.096 20 -50 12.812 
3 16 13.594 -50 11.096 14.452 -53.203 11.096 20 -50 12.812 
3 16 10.391 -55.548 6.406 8.904 -50 6.406 8.904 -56.406 0 
3 16 13.594 -50 11.096 14.452 -46.797 11.096 8.904 -50 6.406 
3 16 8.904 -56.406 0 7.188 -50 0 10.391 -55.548 -6.406 
3 16 10.391 -55.548 -6.406 8.904 -50 -6.406 14.452 -53.203 -11.096 
3 16 14.452 -53.203 -11.096 13.594 -50 -11.096 20 -50 -12.812 
3 16 25.548 -46.797 -11.096 26.406 -50 -11.096 20 -50 -12.812 
3 16 29.609 -44.452 -6.406 31.096 -50 -6.406 25.548 -46.797 -11.096 
3 16 32.812 -50 0 31.096 -56.406 0 31.096 -50 -6.406 
3 16 31.096 -56.406 0 32.812 -50 0 29.609 -55.548 6.406 
3 16 29.609 -55.548 6.406 31.096 -50 6.406 25.548 -53.203 11.096 
3 16 25.548 -53.203 11.096 26.406 -50 11.096 20 -50 12.812 
3 16 14.452 -46.797 11.096 13.594 -50 11.096 20 -50 12.812 
3 16 7.188 -50 0 8.904 -56.406 0 8.904 -50 6.406 
3 16 10.391 -44.452 6.406 8.904 -50 6.406 14.452 -46.797 11.096 
3 16 7.188 -50 0 8.904 -50 -6.406 10.391 -55.548 -6.406 
3 16 8.904 -50 -6.406 13.594 -50 -11.096 14.452 -53.203 -11.096 
3 16 13.594 -50 -11.096 14.452 -46.797 -11.096 20 -50 -12.812 
3 16 23.203 -44.452 -11.096 25.548 -46.797 -11.096 20 -50 -12.812 
3 16 29.609 -44.452 -6.406 25.548 -46.797 -11.096 23.203 -44.452 -11.096 
3 16 32.812 -50 0 31.096 -50 -6.406 29.609 -44.452 -6.406 
3 16 31.096 -50 6.406 29.609 -55.548 6.406 32.812 -50 0 
3 16 26.406 -50 11.096 25.548 -53.203 11.096 31.096 -50 6.406 
3 16 26.406 -50 11.096 25.548 -46.797 11.096 20 -50 12.812 
3 16 16.797 -44.452 11.096 14.452 -46.797 11.096 20 -50 12.812 
3 16 8.904 -50 6.406 10.391 -44.452 6.406 7.188 -50 0 
3 16 14.452 -46.797 11.096 16.797 -44.452 11.096 10.391 -44.452 6.406 
3 16 7.188 -50 0 8.904 -43.594 0 8.904 -50 -6.406 
3 16 8.904 -50 -6.406 10.391 -44.452 -6.406 13.594 -50 -11.096 
3 16 10.391 -44.452 -6.406 14.452 -46.797 -11.096 13.594 -50 -11.096 
3 16 14.452 -46.797 -11.096 16.797 -44.452 -11.096 20 -50 -12.812 
3 16 20 -43.594 -11.096 23.203 -44.452 -11.096 20 -50 -12.812 
3 16 25.548 -40.391 -6.406 29.609 -44.452 -6.406 23.203 -44.452 -11.096 
3 16 31.096 -43.594 0 32.812 -50 0 29.609 -44.452 -6.406 
3 16 32.812 -50 0 31.096 -43.594 0 31.096 -50 6.406 
3 16 31.096 -50 6.406 29.609 -44.452 6.406 26.406 -50 11.096 
3 16 25.548 -46.797 11.096 26.406 -50 11.096 29.609 -44.452 6.406 
3 16 25.548 -46.797 11.096 23.203 -44.452 11.096 20 -50 12.812 
3 16 20 -43.594 11.096 16.797 -44.452 11.096 20 -50 12.812 
3 16 8.904 -43.594 0 7.188 -50 0 10.391 -44.452 6.406 
3 16 14.452 -40.391 6.406 10.391 -44.452 6.406 16.797 -44.452 11.096 
3 16 8.904 -43.594 0 10.391 -44.452 -6.406 8.904 -50 -6.406 
3 16 10.391 -44.452 -6.406 14.452 -40.391 -6.406 14.452 -46.797 -11.096 
3 16 14.452 -40.391 -6.406 16.797 -44.452 -11.096 14.452 -46.797 -11.096 
3 16 16.797 -44.452 -11.096 20 -43.594 -11.096 20 -50 -12.812 
3 16 20 -43.594 -11.096 20 -40 -7.502 23.203 -44.452 -11.096 
3 16 20 -40 -7.502 24.09 -40 -6.406 23.203 -44.452 -11.096 
3 16 25.548 -40.391 -6.406 23.203 -44.452 -11.096 24.09 -40 -6.406 
3 16 25.774 -40 -4.723 31.096 -43.594 0 29.609 -44.452 -6.406 
3 16 29.609 -44.452 6.406 31.096 -50 6.406 31.096 -43.594 0 
3 16 29.609 -44.452 6.406 25.548 -40.391 6.406 25.548 -46.797 11.096 
3 16 23.203 -44.452 11.096 25.548 -46.797 11.096 25.548 -40.391 6.406 
3 16 23.203 -44.452 11.096 20 -43.594 11.096 20 -50 12.812 
3 16 14.452 -40.391 6.406 16.797 -44.452 11.096 15.91 -40 6.406 
3 16 8.904 -43.594 0 10.391 -44.452 6.406 14.226 -40 4.723 
3 16 12.498 -40 0 14.226 -40 -4.723 8.904 -43.594 0 
3 16 14.452 -40.391 -6.406 10.391 -44.452 -6.406 14.226 -40 -4.723 
3 16 10.391 -44.452 -6.406 8.904 -43.594 0 14.226 -40 -4.723 
3 16 14.452 -40.391 -6.406 14.226 -40 -4.723 15.91 -40 -6.406 
3 16 20 -43.594 -11.096 16.797 -44.452 -11.096 20 -40 -7.502 
3 16 20 -40 -7.502 16.797 -44.452 -11.096 15.91 -40 -6.406 
3 16 16.797 -44.452 -11.096 14.452 -40.391 -6.406 15.91 -40 -6.406 
3 16 24.09 -40 -6.406 25.774 -40 -4.723 25.548 -40.391 -6.406 
3 16 29.609 -44.452 -6.406 25.548 -40.391 -6.406 25.774 -40 -4.723 
3 16 25.774 -40 -4.723 27.502 -40 0 31.096 -43.594 0 
3 16 27.502 -40 0 25.774 -40 4.723 31.096 -43.594 0 
3 16 25.548 -40.391 6.406 29.609 -44.452 6.406 25.774 -40 4.723 
3 16 29.609 -44.452 6.406 31.096 -43.594 0 25.774 -40 4.723 
3 16 25.548 -40.391 6.406 25.774 -40 4.723 24.09 -40 6.406 
3 16 20 -43.594 11.096 23.203 -44.452 11.096 20 -40 7.502 
3 16 20 -40 7.502 23.203 -44.452 11.096 24.09 -40 6.406 
3 16 23.203 -44.452 11.096 25.548 -40.391 6.406 24.09 -40 6.406 
3 16 20 -40 7.502 15.91 -40 6.406 16.797 -44.452 11.096 
3 16 20 -43.594 11.096 20 -40 7.502 16.797 -44.452 11.096 
3 16 15.91 -40 6.406 14.226 -40 4.723 14.452 -40.391 6.406 
3 16 10.391 -44.452 6.406 14.452 -40.391 6.406 14.226 -40 4.723 
3 16 14.226 -40 4.723 12.498 -40 0 8.904 -43.594 0 
3 16 31.096 -43.594 -40 31.096 -44.452 -36.797 32.812 -50 -40 
3 16 31.096 -44.452 -43.203 31.096 -43.594 -40 32.812 -50 -40 
3 16 31.096 -46.797 -45.548 31.096 -44.452 -43.203 32.812 -50 -40 
3 16 31.096 -50 -46.406 31.096 -46.797 -45.548 32.812 -50 -40 
3 16 31.096 -53.203 -45.548 31.096 -50 -46.406 32.812 -50 -40 
3 16 31.096 -55.548 -43.203 31.096 -53.203 -45.548 32.812 -50 -40 
3 16 31.096 -56.406 -40 31.096 -55.548 -43.203 32.812 -50 -40 
3 16 31.096 -55.548 -36.797 31.096 -56.406 -40 32.812 -50 -40 
3 16 31.096 -53.203 -34.452 31.096 -55.548 -36.797 32.812 -50 -40 
3 16 31.096 -50 -33.594 31.096 -53.203 -34.452 32.812 -50 -40 
3 16 31.096 -46.797 -34.452 31.096 -50 -33.594 32.812 -50 -40 
3 16 31.096 -44.452 -36.797 31.096 -46.797 -34.452 32.812 -50 -40 
3 16 8.904 -44.452 -36.797 8.904 -43.594 -40 7.188 -50 -40 
3 16 8.904 -43.594 -40 8.904 -44.452 -43.203 7.188 -50 -40 
3 16 8.904 -44.452 -43.203 8.904 -46.797 -45.548 7.188 -50 -40 
3 16 8.904 -46.797 -45.548 8.904 -50 -46.406 7.188 -50 -40 
3 16 8.904 -50 -46.406 8.904 -53.203 -45.548 7.188 -50 -40 
3 16 8.904 -53.203 -45.548 8.904 -55.548 -43.203 7.188 -50 -40 
3 16 8.904 -55.548 -43.203 8.904 -56.406 -40 7.188 -50 -40 
3 16 8.904 -56.406 -40 8.904 -55.548 -36.797 7.188 -50 -40 
3 16 8.904 -55.548 -36.797 8.904 -53.203 -34.452 7.188 -50 -40 
3 16 8.904 -53.203 -34.452 8.904 -50 -33.594 7.188 -50 -40 
3 16 8.904 -50 -33.594 8.904 -46.797 -34.452 7.188 -50 -40 
3 16 8.904 -46.797 -34.452 8.904 -44.452 -36.797 7.188 -50 -40 
3 16 26.406 -40.391 -34.452 31.096 -44.452 -36.797 31.096 -43.594 -40 
3 16 26.406 -38.904 -40 26.406 -40.391 -34.452 31.096 -43.594 -40 
3 16 26.406 -38.904 -40 31.096 -43.594 -40 31.096 -44.452 -43.203 
3 16 26.406 -40.391 -45.548 26.406 -38.904 -40 31.096 -44.452 -43.203 
3 16 26.406 -40.391 -45.548 31.096 -44.452 -43.203 31.096 -46.797 -45.548 
3 16 26.406 -44.452 -49.609 26.406 -40.391 -45.548 31.096 -46.797 -45.548 
3 16 26.406 -44.452 -49.609 31.096 -46.797 -45.548 31.096 -50 -46.406 
3 16 26.406 -50 -51.096 26.406 -44.452 -49.609 31.096 -50 -46.406 
3 16 26.406 -50 -51.096 31.096 -50 -46.406 31.096 -53.203 -45.548 
3 16 26.406 -55.548 -49.609 26.406 -50 -51.096 31.096 -53.203 -45.548 
3 16 26.406 -55.548 -49.609 31.096 -53.203 -45.548 31.096 -55.548 -43.203 
3 16 26.406 -59.609 -45.548 26.406 -55.548 -49.609 31.096 -55.548 -43.203 
3 16 26.406 -59.609 -45.548 31.096 -55.548 -43.203 31.096 -56.406 -40 
3 16 26.406 -61.096 -40 26.406 -59.609 -45.548 31.096 -56.406 -40 
3 16 26.406 -61.096 -40 31.096 -56.406 -40 31.096 -55.548 -36.797 
3 16 26.406 -59.609 -34.452 26.406 -61.096 -40 31.096 -55.548 -36.797 
3 16 26.406 -59.609 -34.452 31.096 -55.548 -36.797 31.096 -53.203 -34.452 
3 16 26.406 -55.548 -30.391 26.406 -59.609 -34.452 31.096 -53.203 -34.452 
3 16 26.406 -55.548 -30.391 31.096 -53.203 -34.452 31.096 -50 -33.594 
3 16 26.406 -50 -28.904 26.406 -55.548 -30.391 31.096 -50 -33.594 
3 16 26.406 -50 -28.904 31.096 -50 -33.594 31.096 -46.797 -34.452 
3 16 26.406 -44.452 -30.391 26.406 -50 -28.904 31.096 -46.797 -34.452 
3 16 26.406 -44.452 -30.391 31.096 -46.797 -34.452 31.096 -44.452 -36.797 
3 16 26.406 -40.391 -34.452 26.406 -44.452 -30.391 31.096 -44.452 -36.797 
3 16 20 -38.904 -33.594 26.406 -40.391 -34.452 26.406 -38.904 -40 
3 16 20 -37.188 -40 20 -38.904 -33.594 26.406 -38.904 -40 
3 16 20 -37.188 -40 26.406 -38.904 -40 26.406 -40.391 -45.548 
3 16 20 -38.904 -46.406 20 -37.188 -40 26.406 -40.391 -45.548 
3 16 20 -38.904 -46.406 26.406 -40.391 -45.548 26.406 -44.452 -49.609 
3 16 20 -43.594 -51.096 20 -38.904 -46.406 26.406 -44.452 -49.609 
3 16 20 -43.594 -51.096 26.406 -44.452 -49.609 26.406 -50 -51.096 
3 16 20 -50 -52.812 20 -43.594 -51.096 26.406 -50 -51.096 
3 16 20 -50 -52.812 26.406 -50 -51.096 26.406 -55.548 -49.609 
3 16 20 -56.406 -51.096 20 -50 -52.812 26.406 -55.548 -49.609 
3 16 20 -56.406 -51.096 26.406 -55.548 -49.609 26.406 -59.609 -45.548 
3 16 20 -61.096 -46.406 20 -56.406 -51.096 26.406 -59.609 -45.548 
3 16 20 -61.096 -46.406 26.406 -59.609 -45.548 26.406 -61.096 -40 
3 16 20 -62.812 -40 20 -61.096 -46.406 26.406 -61.096 -40 
3 16 20 -62.812 -40 26.406 -61.096 -40 26.406 -59.609 -34.452 
3 16 20 -61.096 -33.594 20 -62.812 -40 26.406 -59.609 -34.452 
3 16 20 -61.096 -33.594 26.406 -59.609 -34.452 26.406 -55.548 -30.391 
3 16 20 -56.406 -28.904 20 -61.096 -33.594 26.406 -55.548 -30.391 
3 16 20 -56.406 -28.904 26.406 -55.548 -30.391 26.406 -50 -28.904 
3 16 20 -50 -27.188 20 -56.406 -28.904 26.406 -50 -28.904 
3 16 20 -50 -27.188 26.406 -50 -28.904 26.406 -44.452 -30.391 
3 16 20 -43.594 -28.904 20 -50 -27.188 26.406 -44.452 -30.391 
3 16 20 -43.594 -28.904 26.406 -44.452 -30.391 26.406 -40.391 -34.452 
3 16 20 -38.904 -33.594 20 -43.594 -28.904 26.406 -40.391 -34.452 
3 16 13.594 -38.904 -40 13.594 -40.391 -34.452 20 -37.188 -40 
3 16 20 -38.904 -33.594 20 -37.188 -40 13.594 -40.391 -34.452 
3 16 13.594 -40.391 -45.548 13.594 -38.904 -40 20 -38.904 -46.406 
3 16 20 -37.188 -40 20 -38.904 -46.406 13.594 -38.904 -40 
3 16 13.594 -44.452 -49.609 13.594 -40.391 -45.548 20 -43.594 -51.096 
3 16 20 -38.904 -46.406 20 -43.594 -51.096 13.594 -40.391 -45.548 
3 16 13.594 -50 -51.096 13.594 -44.452 -49.609 20 -50 -52.812 
3 16 20 -43.594 -51.096 20 -50 -52.812 13.594 -44.452 -49.609 
3 16 13.594 -55.548 -49.609 13.594 -50 -51.096 20 -56.406 -51.096 
3 16 20 -50 -52.812 20 -56.406 -51.096 13.594 -50 -51.096 
3 16 13.594 -59.609 -45.548 13.594 -55.548 -49.609 20 -61.096 -46.406 
3 16 20 -56.406 -51.096 20 -61.096 -46.406 13.594 -55.548 -49.609 
3 16 13.594 -61.096 -40 13.594 -59.609 -45.548 20 -62.812 -40 
3 16 20 -61.096 -46.406 20 -62.812 -40 13.594 -59.609 -45.548 
3 16 13.594 -59.609 -34.452 13.594 -61.096 -40 20 -61.096 -33.594 
3 16 20 -62.812 -40 20 -61.096 -33.594 13.594 -61.096 -40 
3 16 13.594 -55.548 -30.391 13.594 -59.609 -34.452 20 -56.406 -28.904 
3 16 20 -61.096 -33.594 20 -56.406 -28.904 13.594 -59.609 -34.452 
3 16 13.594 -50 -28.904 13.594 -55.548 -30.391 20 -50 -27.188 
3 16 20 -56.406 -28.904 20 -50 -27.188 13.594 -55.548 -30.391 
3 16 13.594 -44.452 -30.391 13.594 -50 -28.904 20 -43.594 -28.904 
3 16 20 -50 -27.188 20 -43.594 -28.904 13.594 -50 -28.904 
3 16 13.594 -40.391 -34.452 13.594 -44.452 -30.391 20 -38.904 -33.594 
3 16 20 -43.594 -28.904 20 -38.904 -33.594 13.594 -44.452 -30.391 
3 16 8.904 -43.594 -40 8.904 -44.452 -36.797 13.594 -38.904 -40 
3 16 13.594 -40.391 -34.452 13.594 -38.904 -40 8.904 -44.452 -36.797 
3 16 8.904 -44.452 -43.203 8.904 -43.594 -40 13.594 -40.391 -45.548 
3 16 13.594 -38.904 -40 13.594 -40.391 -45.548 8.904 -43.594 -40 
3 16 8.904 -46.797 -45.548 8.904 -44.452 -43.203 13.594 -44.452 -49.609 
3 16 13.594 -40.391 -45.548 13.594 -44.452 -49.609 8.904 -44.452 -43.203 
3 16 8.904 -50 -46.406 8.904 -46.797 -45.548 13.594 -50 -51.096 
3 16 13.594 -44.452 -49.609 13.594 -50 -51.096 8.904 -46.797 -45.548 
3 16 8.904 -53.203 -45.548 8.904 -50 -46.406 13.594 -55.548 -49.609 
3 16 13.594 -50 -51.096 13.594 -55.548 -49.609 8.904 -50 -46.406 
3 16 8.904 -55.548 -43.203 8.904 -53.203 -45.548 13.594 -59.609 -45.548 
3 16 13.594 -55.548 -49.609 13.594 -59.609 -45.548 8.904 -53.203 -45.548 
3 16 8.904 -56.406 -40 8.904 -55.548 -43.203 13.594 -61.096 -40 
3 16 13.594 -59.609 -45.548 13.594 -61.096 -40 8.904 -55.548 -43.203 
3 16 8.904 -55.548 -36.797 8.904 -56.406 -40 13.594 -59.609 -34.452 
3 16 13.594 -61.096 -40 13.594 -59.609 -34.452 8.904 -56.406 -40 
3 16 8.904 -53.203 -34.452 8.904 -55.548 -36.797 13.594 -55.548 -30.391 
3 16 13.594 -59.609 -34.452 13.594 -55.548 -30.391 8.904 -55.548 -36.797 
3 16 8.904 -50 -33.594 8.904 -53.203 -34.452 13.594 -50 -28.904 
3 16 13.594 -55.548 -30.391 13.594 -50 -28.904 8.904 -53.203 -34.452 
3 16 8.904 -46.797 -34.452 8.904 -50 -33.594 13.594 -44.452 -30.391 
3 16 13.594 -50 -28.904 13.594 -44.452 -30.391 8.904 -50 -33.594 
3 16 8.904 -44.452 -36.797 8.904 -46.797 -34.452 13.594 -40.391 -34.452 
3 16 13.594 -44.452 -30.391 13.594 -40.391 -34.452 8.904 -46.797 -34.452 
3 16 31.096 -43.594 40 31.096 -44.452 43.203 32.812 -50 40 
3 16 31.096 -44.452 36.797 31.096 -43.594 40 32.812 -50 40 
3 16 31.096 -46.797 34.452 31.096 -44.452 36.797 32.812 -50 40 
3 16 31.096 -50 33.594 31.096 -46.797 34.452 32.812 -50 40 
3 16 31.096 -53.203 34.452 31.096 -50 33.594 32.812 -50 40 
3 16 31.096 -55.548 36.797 31.096 -53.203 34.452 32.812 -50 40 
3 16 31.096 -56.406 40 31.096 -55.548 36.797 32.812 -50 40 
3 16 31.096 -55.548 43.203 31.096 -56.406 40 32.812 -50 40 
3 16 31.096 -53.203 45.548 31.096 -55.548 43.203 32.812 -50 40 
3 16 31.096 -50 46.406 31.096 -53.203 45.548 32.812 -50 40 
3 16 31.096 -46.797 45.548 31.096 -50 46.406 32.812 -50 40 
3 16 31.096 -44.452 43.203 31.096 -46.797 45.548 32.812 -50 40 
3 16 8.904 -44.452 43.203 8.904 -43.594 40 7.188 -50 40 
3 16 8.904 -43.594 40 8.904 -44.452 36.797 7.188 -50 40 
3 16 8.904 -44.452 36.797 8.904 -46.797 34.452 7.188 -50 40 
3 16 8.904 -46.797 34.452 8.904 -50 33.594 7.188 -50 40 
3 16 8.904 -50 33.594 8.904 -53.203 34.452 7.188 -50 40 
3 16 8.904 -53.203 34.452 8.904 -55.548 36.797 7.188 -50 40 
3 16 8.904 -55.548 36.797 8.904 -56.406 40 7.188 -50 40 
3 16 8.904 -56.406 40 8.904 -55.548 43.203 7.188 -50 40 
3 16 8.904 -55.548 43.203 8.904 -53.203 45.548 7.188 -50 40 
3 16 8.904 -53.203 45.548 8.904 -50 46.406 7.188 -50 40 
3 16 8.904 -50 46.406 8.904 -46.797 45.548 7.188 -50 40 
3 16 8.904 -46.797 45.548 8.904 -44.452 43.203 7.188 -50 40 
3 16 26.406 -40.391 45.548 31.096 -44.452 43.203 31.096 -43.594 40 
3 16 26.406 -38.904 40 26.406 -40.391 45.548 31.096 -43.594 40 
3 16 26.406 -38.904 40 31.096 -43.594 40 31.096 -44.452 36.797 
3 16 26.406 -40.391 34.452 26.406 -38.904 40 31.096 -44.452 36.797 
3 16 26.406 -40.391 34.452 31.096 -44.452 36.797 31.096 -46.797 34.452 
3 16 26.406 -44.452 30.391 26.406 -40.391 34.452 31.096 -46.797 34.452 
3 16 26.406 -44.452 30.391 31.096 -46.797 34.452 31.096 -50 33.594 
3 16 26.406 -50 28.904 26.406 -44.452 30.391 31.096 -50 33.594 
3 16 26.406 -50 28.904 31.096 -50 33.594 31.096 -53.203 34.452 
3 16 26.406 -55.548 30.391 26.406 -50 28.904 31.096 -53.203 34.452 
3 16 26.406 -55.548 30.391 31.096 -53.203 34.452 31.096 -55.548 36.797 
3 16 26.406 -59.609 34.452 26.406 -55.548 30.391 31.096 -55.548 36.797 
3 16 26.406 -59.609 34.452 31.096 -55.548 36.797 31.096 -56.406 40 
3 16 26.406 -61.096 40 26.406 -59.609 34.452 31.096 -56.406 40 
3 16 26.406 -61.096 40 31.096 -56.406 40 31.096 -55.548 43.203 
3 16 26.406 -59.609 45.548 26.406 -61.096 40 31.096 -55.548 43.203 
3 16 26.406 -59.609 45.548 31.096 -55.548 43.203 31.096 -53.203 45.548 
3 16 26.406 -55.548 49.609 26.406 -59.609 45.548 31.096 -53.203 45.548 
3 16 26.406 -55.548 49.609 31.096 -53.203 45.548 31.096 -50 46.406 
3 16 26.406 -50 51.096 26.406 -55.548 49.609 31.096 -50 46.406 
3 16 26.406 -50 51.096 31.096 -50 46.406 31.096 -46.797 45.548 
3 16 26.406 -44.452 49.609 26.406 -50 51.096 31.096 -46.797 45.548 
3 16 26.406 -44.452 49.609 31.096 -46.797 45.548 31.096 -44.452 43.203 
3 16 26.406 -40.391 45.548 26.406 -44.452 49.609 31.096 -44.452 43.203 
3 16 20 -38.904 46.406 26.406 -40.391 45.548 26.406 -38.904 40 
3 16 20 -37.188 40 20 -38.904 46.406 26.406 -38.904 40 
3 16 20 -37.188 40 26.406 -38.904 40 26.406 -40.391 34.452 
3 16 20 -38.904 33.594 20 -37.188 40 26.406 -40.391 34.452 
3 16 20 -38.904 33.594 26.406 -40.391 34.452 26.406 -44.452 30.391 
3 16 20 -43.594 28.904 20 -38.904 33.594 26.406 -44.452 30.391 
3 16 20 -43.594 28.904 26.406 -44.452 30.391 26.406 -50 28.904 
3 16 20 -50 27.188 20 -43.594 28.904 26.406 -50 28.904 
3 16 20 -50 27.188 26.406 -50 28.904 26.406 -55.548 30.391 
3 16 20 -56.406 28.904 20 -50 27.188 26.406 -55.548 30.391 
3 16 20 -56.406 28.904 26.406 -55.548 30.391 26.406 -59.609 34.452 
3 16 20 -61.096 33.594 20 -56.406 28.904 26.406 -59.609 34.452 
3 16 20 -61.096 33.594 26.406 -59.609 34.452 26.406 -61.096 40 
3 16 20 -62.812 40 20 -61.096 33.594 26.406 -61.096 40 
3 16 20 -62.812 40 26.406 -61.096 40 26.406 -59.609 45.548 
3 16 20 -61.096 46.406 20 -62.812 40 26.406 -59.609 45.548 
3 16 20 -61.096 46.406 26.406 -59.609 45.548 26.406 -55.548 49.609 
3 16 20 -56.406 51.096 20 -61.096 46.406 26.406 -55.548 49.609 
3 16 20 -56.406 51.096 26.406 -55.548 49.609 26.406 -50 51.096 
3 16 20 -50 52.812 20 -56.406 51.096 26.406 -50 51.096 
3 16 20 -50 52.812 26.406 -50 51.096 26.406 -44.452 49.609 
3 16 20 -43.594 51.096 20 -50 52.812 26.406 -44.452 49.609 
3 16 20 -43.594 51.096 26.406 -44.452 49.609 26.406 -40.391 45.548 
3 16 20 -38.904 46.406 20 -43.594 51.096 26.406 -40.391 45.548 
3 16 13.594 -38.904 40 13.594 -40.391 45.548 20 -37.188 40 
3 16 20 -38.904 46.406 20 -37.188 40 13.594 -40.391 45.548 
3 16 13.594 -40.391 34.452 13.594 -38.904 40 20 -38.904 33.594 
3 16 20 -37.188 40 20 -38.904 33.594 13.594 -38.904 40 
3 16 13.594 -44.452 30.391 13.594 -40.391 34.452 20 -43.594 28.904 
3 16 20 -38.904 33.594 20 -43.594 28.904 13.594 -40.391 34.452 
3 16 13.594 -50 28.904 13.594 -44.452 30.391 20 -50 27.188 
3 16 20 -43.594 28.904 20 -50 27.188 13.594 -44.452 30.391 
3 16 13.594 -55.548 30.391 13.594 -50 28.904 20 -56.406 28.904 
3 16 20 -50 27.188 20 -56.406 28.904 13.594 -50 28.904 
3 16 13.594 -59.609 34.452 13.594 -55.548 30.391 20 -61.096 33.594 
3 16 20 -56.406 28.904 20 -61.096 33.594 13.594 -55.548 30.391 
3 16 13.594 -61.096 40 13.594 -59.609 34.452 20 -62.812 40 
3 16 20 -61.096 33.594 20 -62.812 40 13.594 -59.609 34.452 
3 16 13.594 -59.609 45.548 13.594 -61.096 40 20 -61.096 46.406 
3 16 20 -62.812 40 20 -61.096 46.406 13.594 -61.096 40 
3 16 13.594 -55.548 49.609 13.594 -59.609 45.548 20 -56.406 51.096 
3 16 20 -61.096 46.406 20 -56.406 51.096 13.594 -59.609 45.548 
3 16 13.594 -50 51.096 13.594 -55.548 49.609 20 -50 52.812 
3 16 20 -56.406 51.096 20 -50 52.812 13.594 -55.548 49.609 
3 16 13.594 -44.452 49.609 13.594 -50 51.096 20 -43.594 51.096 
3 16 20 -50 52.812 20 -43.594 51.096 13.594 -50 51.096 
3 16 13.594 -40.391 45.548 13.594 -44.452 49.609 20 -38.904 46.406 
3 16 20 -43.594 51.096 20 -38.904 46.406 13.594 -44.452 49.609 
3 16 8.904 -43.594 40 8.904 -44.452 43.203 13.594 -38.904 40 
3 16 13.594 -40.391 45.548 13.594 -38.904 40 8.904 -44.452 43.203 
3 16 8.904 -44.452 36.797 8.904 -43.594 40 13.594 -40.391 34.452 
3 16 13.594 -38.904 40 13.594 -40.391 34.452 8.904 -43.594 40 
3 16 8.904 -46.797 34.452 8.904 -44.452 36.797 13.594 -44.452 30.391 
3 16 13.594 -40.391 34.452 13.594 -44.452 30.391 8.904 -44.452 36.797 
3 16 8.904 -50 33.594 8.904 -46.797 34.452 13.594 -50 28.904 
3 16 13.594 -44.452 30.391 13.594 -50 28.904 8.904 -46.797 34.452 
3 16 8.904 -53.203 34.452 8.904 -50 33.594 13.594 -55.548 30.391 
3 16 13.594 -50 28.904 13.594 -55.548 30.391 8.904 -50 33.594 
3 16 8.904 -55.548 36.797 8.904 -53.203 34.452 13.594 -59.609 34.452 
3 16 13.594 -55.548 30.391 13.594 -59.609 34.452 8.904 -53.203 34.452 
3 16 8.904 -56.406 40 8.904 -55.548 36.797 13.594 -61.096 40 
3 16 13.594 -59.609 34.452 13.594 -61.096 40 8.904 -55.548 36.797 
3 16 8.904 -55.548 43.203 8.904 -56.406 40 13.594 -59.609 45.548 
3 16 13.594 -61.096 40 13.594 -59.609 45.548 8.904 -56.406 40 
3 16 8.904 -53.203 45.548 8.904 -55.548 43.203 13.594 -55.548 49.609 
3 16 13.594 -59.609 45.548 13.594 -55.548 49.609 8.904 -55.548 43.203 
3 16 8.904 -50 46.406 8.904 -53.203 45.548 13.594 -50 51.096 
3 16 13.594 -55.548 49.609 13.594 -50 51.096 8.904 -53.203 45.548 
3 16 8.904 -46.797 45.548 8.904 -50 46.406 13.594 -44.452 49.609 
3 16 13.594 -50 51.096 13.594 -44.452 49.609 8.904 -50 46.406 
3 16 8.904 -44.452 43.203 8.904 -46.797 45.548 13.594 -40.391 45.548 
3 16 13.594 -44.452 49.609 13.594 -40.391 45.548 8.904 -46.797 45.548 
3 16 26.125 -52.25 -10.774 25.803 -52.25 -11.096 26.125 -52.25 -29.432 
3 16 25.803 -52.25 -11.096 23.897 -52.25 -11.607 26.125 -52.25 -29.432 
3 16 23.897 -52.25 -11.607 22.25 -52.25 -28.393 26.125 -52.25 -29.432 
3 16 23.897 -52.25 -11.607 22.25 -52.25 -11.93 22.25 -52.25 -28.393 
3 16 26.125 -47.75 -10.774 26.125 -48.95 -11.096 26.125 -47.75 -29.432 
3 16 26.125 -47.75 -29.432 26.125 -48.95 -11.096 26.125 -50 -28.829 
3 16 26.125 -50 -28.829 26.125 -51.05 -11.096 26.125 -52.25 -29.432 
3 16 26.125 -52.25 -29.432 26.125 -51.05 -11.096 26.125 -52.25 -10.774 
3 16 26.125 -48.95 -11.096 26.125 -50 -11.171 26.125 -50 -28.829 
3 16 26.125 -50 -11.171 26.125 -51.05 -11.096 26.125 -50 -28.829 
3 16 26.125 -47.75 -10.774 26.125 -47.75 -29.432 25.803 -47.75 -11.096 
3 16 22.25 -47.75 -28.393 23.897 -47.75 -11.607 26.125 -47.75 -29.432 
3 16 26.125 -47.75 -29.432 23.897 -47.75 -11.607 25.803 -47.75 -11.096 
3 16 22.25 -47.75 -28.393 22.25 -47.75 -11.93 23.897 -47.75 -11.607 
3 16 26.125 -47.75 10.774 25.803 -47.75 11.096 26.125 -47.75 29.432 
3 16 25.803 -47.75 11.096 23.897 -47.75 11.607 26.125 -47.75 29.432 
3 16 23.897 -47.75 11.607 22.25 -47.75 28.393 26.125 -47.75 29.432 
3 16 22.25 -47.75 28.393 23.897 -47.75 11.607 22.25 -47.75 11.93 
3 16 26.125 -52.25 10.774 26.125 -51.05 11.096 26.125 -52.25 29.432 
3 16 26.125 -52.25 29.432 26.125 -51.05 11.096 26.125 -50 28.829 
3 16 26.125 -50 28.829 26.125 -48.95 11.096 26.125 -47.75 29.432 
3 16 26.125 -47.75 29.432 26.125 -48.95 11.096 26.125 -47.75 10.774 
3 16 26.125 -48.95 11.096 26.125 -50 28.829 26.125 -50 11.171 
3 16 26.125 -50 11.171 26.125 -50 28.829 26.125 -51.05 11.096 
3 16 26.125 -52.25 10.774 26.125 -52.25 29.432 25.803 -52.25 11.096 
3 16 22.25 -52.25 28.393 23.897 -52.25 11.607 26.125 -52.25 29.432 
3 16 26.125 -52.25 29.432 23.897 -52.25 11.607 25.803 -52.25 11.096 
3 16 23.897 -52.25 11.607 22.25 -52.25 28.393 22.25 -52.25 11.93 
3 16 17.75 -56.125 -29.446 17.901 -56.125 -29.391 17.75 -56.125 -10.774 
3 16 22.25 -56.125 -29.446 22.25 -56.125 -10.774 22.099 -56.125 -29.391 
3 16 20 -56.125 -28.829 18.95 -56.125 -11.096 17.901 -56.125 -29.391 
3 16 17.901 -56.125 -29.391 18.95 -56.125 -11.096 17.75 -56.125 -10.774 
3 16 22.25 -56.125 -10.774 21.05 -56.125 -11.096 22.099 -56.125 -29.391 
3 16 22.099 -56.125 -29.391 21.05 -56.125 -11.096 20 -56.125 -28.829 
3 16 18.95 -56.125 -11.096 20 -56.125 -28.829 20 -56.125 -11.171 
3 16 20 -56.125 -11.171 20 -56.125 -28.829 21.05 -56.125 -11.096 
3 16 22.25 -43.875 -10.774 22.25 -44.197 -11.096 22.25 -43.875 -29.446 
3 16 22.25 -43.875 -29.446 22.25 -44.197 -11.096 22.25 -43.895 -29.426 
3 16 22.25 -56.125 -29.446 22.25 -56.105 -29.426 22.25 -56.125 -10.774 
3 16 22.25 -56.125 -10.774 22.25 -56.105 -29.426 22.25 -55.803 -11.096 
3 16 22.25 -44.197 -11.096 22.25 -46.103 -11.607 22.25 -43.895 -29.426 
3 16 22.25 -48.701 -12.116 22.25 -43.895 -29.426 22.25 -46.103 -11.607 
3 16 22.25 -50 -12.21 22.25 -43.895 -29.426 22.25 -48.701 -12.116 
3 16 22.25 -51.299 -12.116 22.25 -56.105 -29.426 22.25 -50 -27.79 
3 16 22.25 -56.105 -29.426 22.25 -53.897 -11.607 22.25 -55.803 -11.096 
3 16 22.25 -56.105 -29.426 22.25 -51.299 -12.116 22.25 -53.897 -11.607 
3 16 22.25 -50 -12.21 22.25 -50 -27.79 22.25 -43.895 -29.426 
3 16 22.25 -50 -27.79 22.25 -50 -12.21 22.25 -51.299 -12.116 
3 16 22.25 -43.875 -29.446 22.099 -43.875 -29.391 22.25 -43.875 -10.774 
3 16 17.75 -43.875 -29.446 17.75 -43.875 -10.774 17.901 -43.875 -29.391 
3 16 20 -43.875 -28.829 21.05 -43.875 -11.096 22.099 -43.875 -29.391 
3 16 22.099 -43.875 -29.391 21.05 -43.875 -11.096 22.25 -43.875 -10.774 
3 16 17.75 -43.875 -10.774 18.95 -43.875 -11.096 17.901 -43.875 -29.391 
3 16 17.901 -43.875 -29.391 18.95 -43.875 -11.096 20 -43.875 -28.829 
3 16 21.05 -43.875 -11.096 20 -43.875 -28.829 20 -43.875 -11.171 
3 16 20 -43.875 -11.171 20 -43.875 -28.829 18.95 -43.875 -11.096 
3 16 17.75 -56.125 -10.774 17.75 -55.803 -11.096 17.75 -56.125 -29.446 
3 16 17.75 -56.125 -29.446 17.75 -55.803 -11.096 17.75 -56.105 -29.426 
3 16 17.75 -43.875 -29.446 17.75 -43.895 -29.426 17.75 -43.875 -10.774 
3 16 17.75 -43.875 -10.774 17.75 -43.895 -29.426 17.75 -44.197 -11.096 
3 16 17.75 -55.803 -11.096 17.75 -53.897 -11.607 17.75 -56.105 -29.426 
3 16 17.75 -51.299 -12.116 17.75 -56.105 -29.426 17.75 -53.897 -11.607 
3 16 17.75 -51.299 -12.116 17.75 -50 -27.79 17.75 -56.105 -29.426 
3 16 17.75 -48.701 -12.116 17.75 -43.895 -29.426 17.75 -50 -27.79 
3 16 17.75 -43.895 -29.426 17.75 -46.103 -11.607 17.75 -44.197 -11.096 
3 16 17.75 -43.895 -29.426 17.75 -48.701 -12.116 17.75 -46.103 -11.607 
3 16 17.75 -48.701 -12.116 17.75 -50 -27.79 17.75 -50 -12.21 
3 16 17.75 -50 -12.21 17.75 -50 -27.79 17.75 -51.299 -12.116 
3 16 23.75 -21.871 4.875 23.75 -22.402 2.165 23.75 -38.25 4.875 
3 16 23.75 -21.871 -4.875 23.75 -38.25 -4.875 23.75 -22.402 -2.165 
3 16 23.75 -22.402 2.165 23.75 -22.558 0 23.75 -38.25 4.875 
3 16 23.75 -22.558 0 23.75 -38.25 -4.875 23.75 -38.25 4.875 
3 16 23.75 -38.25 -4.875 23.75 -22.558 0 23.75 -22.402 -2.165 
3 16 23.75 -21.871 -4.875 22.815 -22.054 -4.875 23.75 -38.25 -4.875 
3 16 47.113 -23.75 5.5 40.5 -28.935 9.25 29.8 -37.325 5.5 
3 16 29.8 -37.325 5.5 40.5 -28.935 9.25 29.8 -37.325 9.25 
3 16 40.5 -28.935 9.25 47.113 -23.75 5.5 44.876 -25.504 8.011 
3 16 44.876 -25.504 8.011 47.113 -23.75 5.5 48.079 -22.992 4.625 
3 16 47.113 -23.75 -5.5 49.252 -22.073 0 47.113 -23.75 5.5 
3 16 47.113 -23.75 5.5 49.252 -22.073 0 48.079 -22.992 4.625 
3 16 49.252 -22.073 0 47.113 -23.75 -5.5 48.079 -22.992 -4.625 
3 16 48.079 -22.992 -4.625 47.113 -23.75 -5.5 44.876 -25.504 -8.011 
3 16 29.8 -37.325 -5.5 40.5 -28.935 -9.25 47.113 -23.75 -5.5 
3 16 47.113 -23.75 -5.5 40.5 -28.935 -9.25 44.876 -25.504 -8.011 
3 16 40.5 -28.935 -9.25 29.8 -37.325 -5.5 29.8 -37.325 -9.25 
3 16 27.875 -37.325 5.5 27.875 -37.325 -5.5 27.875 -23.75 5.5 
3 16 27.875 -23.75 5.5 27.875 -37.325 -5.5 27.875 -23.75 -5.5 
3 16 47.113 -23.75 -5.5 47.113 -23.75 5.5 27.875 -23.75 -5.5 
3 16 27.875 -23.75 -5.5 47.113 -23.75 5.5 27.875 -23.75 5.5 
3 16 27.875 -37.325 5.5 27.875 -23.75 5.5 29.8 -37.325 5.5 
3 16 47.113 -23.75 5.5 29.8 -37.325 5.5 27.875 -23.75 5.5 
3 16 29.8 -37.325 5.5 29.8 -37.325 -5.5 27.875 -37.325 5.5 
3 16 27.875 -37.325 5.5 29.8 -37.325 -5.5 27.875 -37.325 -5.5 
3 16 27.875 -37.325 -5.5 29.8 -37.325 -5.5 27.875 -23.75 -5.5 
3 16 29.8 -37.325 -5.5 47.113 -23.75 -5.5 27.875 -23.75 -5.5 
3 16 40.5 -28.935 -9.25 40.5 -20 -9.25 44.876 -25.504 -8.011 
3 16 44.876 -25.504 -8.011 40.5 -20 -9.25 44.876 -20 -8.011 
3 16 40.5 -28.935 9.25 44.876 -25.504 8.011 40.5 -20 9.25 
3 16 44.876 -25.504 8.011 44.876 -20 8.011 40.5 -20 9.25 
3 16 40.5 -20 -9.25 40.5 -20 9.25 44.876 -20 -8.011 
3 16 40.5 -20 9.25 44.876 -20 8.011 44.876 -20 -8.011 
3 16 48.079 -20 -4.625 44.876 -20 -8.011 44.876 -20 8.011 
3 16 48.079 -20 -4.625 48.079 -20 4.625 49.252 -20 0 
3 16 48.079 -20 -4.625 44.876 -20 8.011 48.079 -20 4.625 
3 16 44.876 -25.504 -8.011 44.876 -20 -8.011 48.079 -22.992 -4.625 
3 16 48.079 -22.992 -4.625 44.876 -20 -8.011 48.079 -20 -4.625 
3 16 48.079 -22.992 -4.625 48.079 -20 -4.625 49.252 -22.073 0 
3 16 49.252 -22.073 0 48.079 -20 -4.625 49.252 -20 0 
3 16 48.079 -22.992 4.625 49.252 -22.073 0 48.079 -20 4.625 
3 16 49.252 -22.073 0 49.252 -20 0 48.079 -20 4.625 
3 16 44.876 -25.504 8.011 48.079 -22.992 4.625 44.876 -20 8.011 
3 16 48.079 -22.992 4.625 48.079 -20 4.625 44.876 -20 8.011 
3 16 29.8 -37.325 9.25 29.8 -40 9.25 29.8 -37.325 5.5 
3 16 29.8 -40 9.25 29.8 -40 -9.25 29.8 -37.325 5.5 
3 16 29.8 -37.325 5.5 29.8 -40 -9.25 29.8 -37.325 -5.5 
3 16 29.8 -37.325 -5.5 29.8 -40 -9.25 29.8 -37.325 -9.25 
3 16 27.147 -20 4.126 28.252 -20 0 25.548 -21.846 3.203 
3 16 25.548 -21.846 3.203 28.252 -20 0 26.406 -21.846 0 
3 16 24.126 -20 7.147 27.147 -20 4.126 23.203 -21.846 5.548 
3 16 23.203 -21.846 5.548 27.147 -20 4.126 25.548 -21.846 3.203 
3 16 20 -20 8.252 24.126 -20 7.147 20 -21.846 6.406 
3 16 20 -21.846 6.406 24.126 -20 7.147 23.203 -21.846 5.548 
3 16 24.126 -20 -7.147 20 -20 -8.252 23.203 -21.846 -5.548 
3 16 23.203 -21.846 -5.548 20 -20 -8.252 20 -21.846 -6.406 
3 16 27.147 -20 -4.126 24.126 -20 -7.147 25.548 -21.846 -3.203 
3 16 25.548 -21.846 -3.203 24.126 -20 -7.147 23.203 -21.846 -5.548 
3 16 28.252 -20 0 27.147 -20 -4.126 26.406 -21.846 0 
3 16 26.406 -21.846 0 27.147 -20 -4.126 25.548 -21.846 -3.203 
3 16 23.75 -22.558 0 23.75 -22.402 2.165 26.406 -21.846 0 
3 16 25.548 -21.846 3.203 26.406 -21.846 0 23.75 -22.402 2.165 
3 16 22.815 -22.054 4.875 23.203 -21.846 5.548 23.75 -21.871 4.875 
3 16 23.203 -21.846 5.548 25.548 -21.846 3.203 23.75 -21.871 4.875 
3 16 23.75 -21.871 4.875 25.548 -21.846 3.203 23.75 -22.402 2.165 
3 16 20 -21.846 6.406 23.203 -21.846 5.548 20 -22.256 4.875 
3 16 20 -22.256 4.875 23.203 -21.846 5.548 22.815 -22.054 4.875 
3 16 20 -22.256 -4.875 22.815 -22.054 -4.875 20 -21.846 -6.406 
3 16 23.203 -21.846 -5.548 20 -21.846 -6.406 22.815 -22.054 -4.875 
3 16 22.815 -22.054 -4.875 23.75 -21.871 -4.875 23.203 -21.846 -5.548 
3 16 23.203 -21.846 -5.548 23.75 -21.871 -4.875 25.548 -21.846 -3.203 
3 16 23.75 -21.871 -4.875 23.75 -22.402 -2.165 25.548 -21.846 -3.203 
3 16 23.75 -22.402 -2.165 23.75 -22.558 0 25.548 -21.846 -3.203 
3 16 26.406 -21.846 0 25.548 -21.846 -3.203 23.75 -22.558 0 
3 16 23.75 -38.25 4.875 23.75 -38.25 -4.875 16.25 -38.25 4.875 
3 16 23.75 -38.25 -4.875 16.25 -38.25 -4.875 16.25 -38.25 4.875 
3 16 23.75 -21.871 4.875 23.75 -38.25 4.875 22.815 -22.054 4.875 
3 16 10.2 -37.325 9.25 10.2 -40 9.25 29.8 -37.325 9.25 
3 16 10.2 -40 9.25 29.8 -40 9.25 29.8 -37.325 9.25 
3 16 40.5 -28.935 9.25 40.5 -20 9.25 -0.5 -28.935 9.25 
3 16 10.2 -37.325 9.25 29.8 -37.325 9.25 40.5 -28.935 9.25 
3 16 -0.5 -28.935 9.25 40.5 -20 9.25 -0.5 -20 9.25 
3 16 40.5 -28.935 9.25 -0.5 -28.935 9.25 10.2 -37.325 9.25 
3 16 20 -20 -8.252 24.126 -20 -7.147 40.5 -20 -9.25 
3 16 24.126 -20 -7.147 27.147 -20 -4.126 40.5 -20 -9.25 
3 16 27.147 -20 -4.126 28.252 -20 0 40.5 -20 -9.25 
3 16 28.252 -20 0 40.5 -20 9.25 40.5 -20 -9.25 
3 16 28.252 -20 0 27.147 -20 4.126 40.5 -20 9.25 
3 16 20 -20 8.252 40.5 -20 9.25 24.126 -20 7.147 
3 16 40.5 -20 9.25 27.147 -20 4.126 24.126 -20 7.147 
3 16 16.25 -21.871 4.875 16.25 -38.25 4.875 16.25 -22.402 2.165 
3 16 16.25 -21.871 -4.875 16.25 -22.402 -2.165 16.25 -38.25 -4.875 
3 16 16.25 -22.402 2.165 16.25 -38.25 4.875 16.25 -22.558 0 
3 16 16.25 -22.558 0 16.25 -38.25 4.875 16.25 -38.25 -4.875 
3 16 16.25 -38.25 -4.875 16.25 -22.402 -2.165 16.25 -22.558 0 
3 16 16.25 -21.871 -4.875 16.25 -38.25 -4.875 17.185 -22.054 -4.875 
3 16 17.185 -22.054 -4.875 16.25 -38.25 -4.875 20 -22.256 -4.875 
3 16 20 -22.256 -4.875 16.25 -38.25 -4.875 23.75 -38.25 -4.875 
3 16 23.75 -38.25 -4.875 22.815 -22.054 -4.875 20 -22.256 -4.875 
3 16 -7.113 -23.75 5.5 10.2 -37.325 5.5 -0.5 -28.935 9.25 
3 16 10.2 -37.325 5.5 10.2 -37.325 9.25 -0.5 -28.935 9.25 
3 16 -0.5 -28.935 9.25 -4.876 -25.504 8.011 -7.113 -23.75 5.5 
3 16 -4.876 -25.504 8.011 -8.079 -22.992 4.625 -7.113 -23.75 5.5 
3 16 -7.113 -23.75 -5.5 -7.113 -23.75 5.5 -9.252 -22.073 0 
3 16 -7.113 -23.75 5.5 -8.079 -22.992 4.625 -9.252 -22.073 0 
3 16 -9.252 -22.073 0 -8.079 -22.992 -4.625 -7.113 -23.75 -5.5 
3 16 -8.079 -22.992 -4.625 -4.876 -25.504 -8.011 -7.113 -23.75 -5.5 
3 16 10.2 -37.325 -5.5 -7.113 -23.75 -5.5 -0.5 -28.935 -9.25 
3 16 -7.113 -23.75 -5.5 -4.876 -25.504 -8.011 -0.5 -28.935 -9.25 
3 16 -0.5 -28.935 -9.25 10.2 -37.325 -9.25 10.2 -37.325 -5.5 
3 16 12.125 -37.325 5.5 12.125 -23.75 5.5 12.125 -37.325 -5.5 
3 16 12.125 -23.75 5.5 12.125 -23.75 -5.5 12.125 -37.325 -5.5 
3 16 -7.113 -23.75 -5.5 12.125 -23.75 -5.5 -7.113 -23.75 5.5 
3 16 12.125 -23.75 -5.5 12.125 -23.75 5.5 -7.113 -23.75 5.5 
3 16 12.125 -37.325 5.5 10.2 -37.325 5.5 12.125 -23.75 5.5 
3 16 -7.113 -23.75 5.5 12.125 -23.75 5.5 10.2 -37.325 5.5 
3 16 10.2 -37.325 5.5 12.125 -37.325 5.5 10.2 -37.325 -5.5 
3 16 12.125 -37.325 5.5 12.125 -37.325 -5.5 10.2 -37.325 -5.5 
3 16 12.125 -37.325 -5.5 12.125 -23.75 -5.5 10.2 -37.325 -5.5 
3 16 10.2 -37.325 -5.5 12.125 -23.75 -5.5 -7.113 -23.75 -5.5 
3 16 -0.5 -28.935 -9.25 -4.876 -25.504 -8.011 -0.5 -20 -9.25 
3 16 -4.876 -25.504 -8.011 -4.876 -20 -8.011 -0.5 -20 -9.25 
3 16 -0.5 -28.935 9.25 -0.5 -20 9.25 -4.876 -25.504 8.011 
3 16 -4.876 -25.504 8.011 -0.5 -20 9.25 -4.876 -20 8.011 
3 16 -0.5 -20 -9.25 -4.876 -20 -8.011 -0.5 -20 9.25 
3 16 -0.5 -20 9.25 -4.876 -20 -8.011 -4.876 -20 8.011 
3 16 -8.079 -20 -4.625 -4.876 -20 8.011 -4.876 -20 -8.011 
3 16 -8.079 -20 -4.625 -9.252 -20 0 -8.079 -20 4.625 
3 16 -8.079 -20 -4.625 -8.079 -20 4.625 -4.876 -20 8.011 
3 16 -4.876 -25.504 -8.011 -8.079 -22.992 -4.625 -4.876 -20 -8.011 
3 16 -8.079 -22.992 -4.625 -8.079 -20 -4.625 -4.876 -20 -8.011 
3 16 -8.079 -22.992 -4.625 -9.252 -22.073 0 -8.079 -20 -4.625 
3 16 -9.252 -22.073 0 -9.252 -20 0 -8.079 -20 -4.625 
3 16 -8.079 -22.992 4.625 -8.079 -20 4.625 -9.252 -22.073 0 
3 16 -9.252 -22.073 0 -8.079 -20 4.625 -9.252 -20 0 
3 16 -4.876 -25.504 8.011 -4.876 -20 8.011 -8.079 -22.992 4.625 
3 16 -8.079 -22.992 4.625 -4.876 -20 8.011 -8.079 -20 4.625 
3 16 10.2 -40 -9.25 10.2 -37.325 -9.25 29.8 -40 -9.25 
3 16 29.8 -40 -9.25 10.2 -37.325 -9.25 29.8 -37.325 -9.25 
3 16 -0.5 -28.935 -9.25 -0.5 -20 -9.25 40.5 -28.935 -9.25 
3 16 29.8 -37.325 -9.25 10.2 -37.325 -9.25 -0.5 -28.935 -9.25 
3 16 40.5 -28.935 -9.25 -0.5 -20 -9.25 40.5 -20 -9.25 
3 16 29.8 -37.325 -9.25 -0.5 -28.935 -9.25 40.5 -28.935 -9.25 
3 16 10.2 -40 9.25 10.2 -40 -9.25 29.8 -40 9.25 
3 16 10.2 -40 -9.25 29.8 -40 -9.25 29.8 -40 9.25 
3 16 10.2 -37.325 9.25 10.2 -37.325 5.5 10.2 -40 9.25 
3 16 10.2 -40 9.25 10.2 -37.325 5.5 10.2 -40 -9.25 
3 16 10.2 -37.325 5.5 10.2 -37.325 -5.5 10.2 -40 -9.25 
3 16 10.2 -37.325 -5.5 10.2 -37.325 -9.25 10.2 -40 -9.25 
3 16 12.853 -20 4.126 14.452 -21.846 3.203 11.748 -20 0 
3 16 14.452 -21.846 3.203 13.594 -21.846 0 11.748 -20 0 
3 16 15.874 -20 7.147 16.797 -21.846 5.548 12.853 -20 4.126 
3 16 16.797 -21.846 5.548 14.452 -21.846 3.203 12.853 -20 4.126 
3 16 20 -20 8.252 20 -21.846 6.406 15.874 -20 7.147 
3 16 20 -21.846 6.406 16.797 -21.846 5.548 15.874 -20 7.147 
3 16 15.874 -20 -7.147 16.797 -21.846 -5.548 20 -20 -8.252 
3 16 16.797 -21.846 -5.548 20 -21.846 -6.406 20 -20 -8.252 
3 16 12.853 -20 -4.126 14.452 -21.846 -3.203 15.874 -20 -7.147 
3 16 14.452 -21.846 -3.203 16.797 -21.846 -5.548 15.874 -20 -7.147 
3 16 11.748 -20 0 13.594 -21.846 0 12.853 -20 -4.126 
3 16 13.594 -21.846 0 14.452 -21.846 -3.203 12.853 -20 -4.126 
3 16 16.25 -22.558 0 13.594 -21.846 0 16.25 -22.402 2.165 
3 16 14.452 -21.846 3.203 16.25 -22.402 2.165 13.594 -21.846 0 
3 16 17.185 -22.054 4.875 16.25 -21.871 4.875 16.797 -21.846 5.548 
3 16 16.797 -21.846 5.548 16.25 -21.871 4.875 14.452 -21.846 3.203 
3 16 16.25 -21.871 4.875 16.25 -22.402 2.165 14.452 -21.846 3.203 
3 16 20 -21.846 6.406 20 -22.256 4.875 16.797 -21.846 5.548 
3 16 20 -22.256 4.875 17.185 -22.054 4.875 16.797 -21.846 5.548 
3 16 20 -22.256 -4.875 20 -21.846 -6.406 17.185 -22.054 -4.875 
3 16 16.797 -21.846 -5.548 17.185 -22.054 -4.875 20 -21.846 -6.406 
3 16 17.185 -22.054 -4.875 16.797 -21.846 -5.548 16.25 -21.871 -4.875 
3 16 16.797 -21.846 -5.548 14.452 -21.846 -3.203 16.25 -21.871 -4.875 
3 16 16.25 -21.871 -4.875 14.452 -21.846 -3.203 16.25 -22.402 -2.165 
3 16 16.25 -22.402 -2.165 14.452 -21.846 -3.203 16.25 -22.558 0 
3 16 13.594 -21.846 0 16.25 -22.558 0 14.452 -21.846 -3.203 
3 16 16.25 -21.871 4.875 17.185 -22.054 4.875 16.25 -38.25 4.875 
3 16 22.815 -22.054 4.875 23.75 -38.25 4.875 20 -22.256 4.875 
3 16 20 -22.256 4.875 23.75 -38.25 4.875 16.25 -38.25 4.875 
3 16 16.25 -38.25 4.875 17.185 -22.054 4.875 20 -22.256 4.875 
3 16 -0.5 -20 -9.25 20 -20 -8.252 40.5 -20 -9.25 
3 16 20 -20 -8.252 -0.5 -20 -9.25 15.874 -20 -7.147 
3 16 15.874 -20 -7.147 -0.5 -20 -9.25 12.853 -20 -4.126 
3 16 12.853 -20 -4.126 -0.5 -20 -9.25 11.748 -20 0 
3 16 11.748 -20 0 -0.5 -20 -9.25 -0.5 -20 9.25 
3 16 11.748 -20 0 -0.5 -20 9.25 12.853 -20 4.126 
3 16 20 -20 8.252 -0.5 -20 9.25 40.5 -20 9.25 
3 16 20 -20 8.252 15.874 -20 7.147 -0.5 -20 9.25 
3 16 -0.5 -20 9.25 15.874 -20 7.147 12.853 -20 4.126 
2 24 1.248 0 -2.75 2.905 0 -2.75 
2 24 1.248 0 -6.379 1.248 0 -2.75 
2 24 3.248 0 -5.64 1.248 0 -6.379 
2 24 6.498 -2 -0.011 5.627 -2 -3.261 
2 24 5.627 0 -3.261 6.498 0 -0.011 
2 24 5.627 -2 -3.261 3.248 -2 -5.64 
2 24 3.248 0 -5.64 5.627 0 -3.261 
2 24 1.248 -2 -6.379 1.248 0 -6.379 
2 24 3.248 -2 -5.64 1.248 -2 -6.379 
2 24 3.716 0 -1.48 4 0 -0.011 
2 24 2.905 0 -2.75 3.716 0 -1.48 
2 24 3.716 -20 -1.48 4 -20 -0.011 
2 24 0.623 -7.333 -2.75 -0.002 -7.5 -2.75 
2 24 -2.905 -20 -2.75 2.905 -20 -2.75 
2 24 1.081 -6.875 -2.75 0.623 -7.333 -2.75 
2 24 1.248 -6.25 -2.75 1.081 -6.875 -2.75 
2 24 1.248 0 -2.75 1.248 -6.25 -2.75 
2 24 2.905 -20 -2.75 2.905 0 -2.75 
2 24 2.905 -20 -2.75 3.716 -20 -1.48 
2 24 5.086 -2 -2.949 2.936 -2 -5.099 
2 24 1.25 -2 -5.74 1.248 -2 -6.379 
2 24 2.936 -2 -5.099 1.25 -2 -5.74 
2 24 1.25 -2 -5.74 1.248 -6.25 -5.637 
2 24 1.248 -6.25 -5.637 1.081 -6.875 -5.671 
2 24 1.081 -6.875 -5.671 0.623 -7.333 -5.762 
2 24 0.623 -7.333 -5.762 -0.002 -7.5 -5.886 
2 24 5.873 -2 -0.011 5.086 -2 -2.949 
2 24 5.873 -18 -0.011 5.086 -18 -2.949 
2 24 5.086 -18 -2.949 2.936 -18 -5.099 
2 24 2.936 -18 -5.099 -0.002 -18 -5.886 
2 24 2.905 0 2.75 1.248 0 2.75 
2 24 1.248 0 6.379 3.248 0 5.618 
2 24 1.248 0 2.75 1.248 0 6.379 
2 24 6.498 0 -0.011 5.627 0 3.239 
2 24 5.627 -2 3.239 6.498 -2 -0.011 
2 24 5.627 0 3.239 3.248 0 5.618 
2 24 3.248 -2 5.618 5.627 -2 3.239 
2 24 1.248 -2 6.379 3.248 -2 5.618 
2 24 1.248 0 6.379 1.248 -2 6.379 
2 24 4 0 -0.011 3.718 0 1.475 
2 24 3.718 0 1.475 2.905 0 2.75 
2 24 4 -20 -0.011 3.718 -20 1.475 
2 24 2.905 -20 2.75 -2.905 -20 2.75 
2 24 -0.002 -7.5 2.75 0.623 -7.333 2.75 
2 24 0.623 -7.333 2.75 1.081 -6.875 2.75 
2 24 1.081 -6.875 2.75 1.248 -6.25 2.75 
2 24 1.248 -6.25 2.75 1.248 0 2.75 
2 24 2.905 0 2.75 2.905 -20 2.75 
2 24 3.718 -20 1.475 2.905 -20 2.75 
2 24 2.936 -2 5.077 5.086 -2 2.926 
2 24 1.248 -2 5.74 2.936 -2 5.077 
2 24 1.248 -2 6.379 1.248 -2 5.74 
2 24 1.248 -6.25 5.615 1.248 -2 5.74 
2 24 1.081 -6.875 5.649 1.248 -6.25 5.615 
2 24 0.623 -7.333 5.74 1.081 -6.875 5.649 
2 24 -0.002 -7.5 5.864 0.623 -7.333 5.74 
2 24 5.086 -2 2.926 5.873 -2 -0.011 
2 24 5.086 -18 2.926 5.873 -18 -0.011 
2 24 2.936 -18 5.077 5.086 -18 2.926 
2 24 -0.002 -18 5.864 2.936 -18 5.077 
2 24 -2.905 0 -2.75 -1.252 0 -2.75 
2 24 -1.252 0 -6.379 -3.252 0 -5.64 
2 24 -1.252 0 -2.75 -1.252 0 -6.379 
2 24 -6.502 0 -0.011 -5.631 0 -3.261 
2 24 -5.631 -2 -3.261 -6.502 -2 -0.011 
2 24 -5.631 0 -3.261 -3.252 0 -5.64 
2 24 -3.252 -2 -5.64 -5.631 -2 -3.261 
2 24 -1.252 -2 -6.379 -3.252 -2 -5.64 
2 24 -1.252 0 -6.379 -1.252 -2 -6.379 
2 24 -4 0 -0.011 -3.718 0 -1.475 
2 24 -3.718 0 -1.475 -2.905 0 -2.75 
2 24 -4 -20 -0.011 -3.718 -20 -1.475 
2 24 -0.002 -7.5 -2.75 -0.627 -7.333 -2.75 
2 24 -0.627 -7.333 -2.75 -1.084 -6.875 -2.75 
2 24 -1.084 -6.875 -2.75 -1.252 -6.25 -2.75 
2 24 -1.252 -6.25 -2.75 -1.252 0 -2.75 
2 24 -2.905 0 -2.75 -2.905 -20 -2.75 
2 24 -3.718 -20 -1.475 -2.905 -20 -2.75 
2 24 -2.939 -2 -5.099 -5.09 -2 -2.949 
2 24 -1.25 -2 -5.74 -2.939 -2 -5.099 
2 24 -1.252 -2 -6.379 -1.25 -2 -5.74 
2 24 -1.252 -6.25 -5.637 -1.25 -2 -5.74 
2 24 -1.084 -6.875 -5.671 -1.252 -6.25 -5.637 
2 24 -0.627 -7.333 -5.762 -1.084 -6.875 -5.671 
2 24 -0.002 -7.5 -5.886 -0.627 -7.333 -5.762 
2 24 -5.09 -2 -2.949 -5.877 -2 -0.011 
2 24 -5.09 -18 -2.949 -5.877 -18 -0.011 
2 24 -2.939 -18 -5.099 -5.09 -18 -2.949 
2 24 -0.002 -18 -5.886 -2.939 -18 -5.099 
2 24 -1.252 0 2.75 -2.905 0 2.75 
2 24 -1.252 0 6.379 -1.252 0 2.75 
2 24 -3.252 0 5.618 -1.252 0 6.379 
2 24 -6.502 -2 -0.011 -5.631 -2 3.239 
2 24 -5.631 0 3.239 -6.502 0 -0.011 
2 24 -5.631 -2 3.239 -3.252 -2 5.618 
2 24 -3.252 0 5.618 -5.631 0 3.239 
2 24 -1.252 -2 6.379 -1.252 0 6.379 
2 24 -3.252 -2 5.618 -1.252 -2 6.379 
2 24 -3.718 0 1.475 -4 0 -0.011 
2 24 -2.905 0 2.75 -3.718 0 1.475 
2 24 -3.718 -20 1.475 -4 -20 -0.011 
2 24 -0.627 -7.333 2.75 -0.002 -7.5 2.75 
2 24 -1.084 -6.875 2.75 -0.627 -7.333 2.75 
2 24 -1.252 -6.25 2.75 -1.084 -6.875 2.75 
2 24 -1.252 0 2.75 -1.252 -6.25 2.75 
2 24 -2.905 -20 2.75 -2.905 0 2.75 
2 24 -2.905 -20 2.75 -3.718 -20 1.475 
2 24 -5.09 -2 2.926 -2.939 -2 5.077 
2 24 -1.252 -2 5.74 -1.252 -2 6.379 
2 24 -2.939 -2 5.077 -1.252 -2 5.74 
2 24 -1.252 -2 5.74 -1.252 -6.25 5.615 
2 24 -1.252 -6.25 5.615 -1.084 -6.875 5.649 
2 24 -1.084 -6.875 5.649 -0.627 -7.333 5.74 
2 24 -0.627 -7.333 5.74 -0.002 -7.5 5.864 
2 24 -5.877 -2 -0.011 -5.09 -2 2.926 
2 24 -5.877 -18 -0.011 -5.09 -18 2.926 
2 24 -5.09 -18 2.926 -2.939 -18 5.077 
2 24 -2.939 -18 5.077 -0.002 -18 5.864 
2 24 41.25 0 -2.75 42.906 0 -2.75 
2 24 41.25 0 -6.379 41.25 0 -2.75 
2 24 43.25 0 -5.64 41.25 0 -6.379 
2 24 46.5 -2 -0.011 45.629 -2 -3.261 
2 24 45.629 0 -3.261 46.5 0 -0.011 
2 24 45.629 -2 -3.261 43.25 -2 -5.64 
2 24 43.25 0 -5.64 45.629 0 -3.261 
2 24 41.25 -2 -6.379 41.25 0 -6.379 
2 24 43.25 -2 -5.64 41.25 -2 -6.379 
2 24 43.718 0 -1.48 44.002 0 -0.011 
2 24 42.906 0 -2.75 43.718 0 -1.48 
2 24 43.718 -20 -1.48 44.002 -20 -0.011 
2 24 40.625 -7.333 -2.75 40 -7.5 -2.75 
2 24 37.097 -20 -2.75 42.906 -20 -2.75 
2 24 41.083 -6.875 -2.75 40.625 -7.333 -2.75 
2 24 41.25 -6.25 -2.75 41.083 -6.875 -2.75 
2 24 41.25 0 -2.75 41.25 -6.25 -2.75 
2 24 42.906 -20 -2.75 42.906 0 -2.75 
2 24 42.906 -20 -2.75 43.718 -20 -1.48 
2 24 45.088 -2 -2.949 42.938 -2 -5.099 
2 24 41.252 -2 -5.74 41.25 -2 -6.379 
2 24 42.938 -2 -5.099 41.252 -2 -5.74 
2 24 41.252 -2 -5.74 41.25 -6.25 -5.637 
2 24 41.25 -6.25 -5.637 41.083 -6.875 -5.671 
2 24 41.083 -6.875 -5.671 40.625 -7.333 -5.762 
2 24 40.625 -7.333 -5.762 40 -7.5 -5.886 
2 24 45.875 -2 -0.011 45.088 -2 -2.949 
2 24 45.875 -18 -0.011 45.088 -18 -2.949 
2 24 45.088 -18 -2.949 42.938 -18 -5.099 
2 24 42.938 -18 -5.099 40 -18 -5.886 
2 24 42.906 0 2.75 41.25 0 2.75 
2 24 41.25 0 6.379 43.25 0 5.618 
2 24 41.25 0 2.75 41.25 0 6.379 
2 24 46.5 0 -0.011 45.629 0 3.239 
2 24 45.629 -2 3.239 46.5 -2 -0.011 
2 24 45.629 0 3.239 43.25 0 5.618 
2 24 43.25 -2 5.618 45.629 -2 3.239 
2 24 41.25 -2 6.379 43.25 -2 5.618 
2 24 41.25 0 6.379 41.25 -2 6.379 
2 24 44.002 0 -0.011 43.72 0 1.475 
2 24 43.72 0 1.475 42.906 0 2.75 
2 24 44.002 -20 -0.011 43.72 -20 1.475 
2 24 42.906 -20 2.75 37.097 -20 2.75 
2 24 40 -7.5 2.75 40.625 -7.333 2.75 
2 24 40.625 -7.333 2.75 41.083 -6.875 2.75 
2 24 41.083 -6.875 2.75 41.25 -6.25 2.75 
2 24 41.25 -6.25 2.75 41.25 0 2.75 
2 24 42.906 0 2.75 42.906 -20 2.75 
2 24 43.72 -20 1.475 42.906 -20 2.75 
2 24 42.938 -2 5.077 45.088 -2 2.926 
2 24 41.25 -2 5.74 42.938 -2 5.077 
2 24 41.25 -2 6.379 41.25 -2 5.74 
2 24 41.25 -6.25 5.615 41.25 -2 5.74 
2 24 41.083 -6.875 5.649 41.25 -6.25 5.615 
2 24 40.625 -7.333 5.74 41.083 -6.875 5.649 
2 24 40 -7.5 5.864 40.625 -7.333 5.74 
2 24 45.088 -2 2.926 45.875 -2 -0.011 
2 24 45.088 -18 2.926 45.875 -18 -0.011 
2 24 42.938 -18 5.077 45.088 -18 2.926 
2 24 40 -18 5.864 42.938 -18 5.077 
2 24 37.097 0 -2.75 38.75 0 -2.75 
2 24 38.75 0 -6.379 36.75 0 -5.64 
2 24 38.75 0 -2.75 38.75 0 -6.379 
2 24 33.5 0 -0.011 34.371 0 -3.261 
2 24 34.371 -2 -3.261 33.5 -2 -0.011 
2 24 34.371 0 -3.261 36.75 0 -5.64 
2 24 36.75 -2 -5.64 34.371 -2 -3.261 
2 24 38.75 -2 -6.379 36.75 -2 -5.64 
2 24 38.75 0 -6.379 38.75 -2 -6.379 
2 24 36.002 0 -0.011 36.284 0 -1.475 
2 24 36.284 0 -1.475 37.097 0 -2.75 
2 24 36.002 -20 -0.011 36.284 -20 -1.475 
2 24 40 -7.5 -2.75 39.375 -7.333 -2.75 
2 24 39.375 -7.333 -2.75 38.917 -6.875 -2.75 
2 24 38.917 -6.875 -2.75 38.75 -6.25 -2.75 
2 24 38.75 -6.25 -2.75 38.75 0 -2.75 
2 24 37.097 0 -2.75 37.097 -20 -2.75 
2 24 36.284 -20 -1.475 37.097 -20 -2.75 
2 24 37.062 -2 -5.099 34.912 -2 -2.949 
2 24 38.752 -2 -5.74 37.062 -2 -5.099 
2 24 38.75 -2 -6.379 38.752 -2 -5.74 
2 24 38.75 -6.25 -5.637 38.752 -2 -5.74 
2 24 38.917 -6.875 -5.671 38.75 -6.25 -5.637 
2 24 39.375 -7.333 -5.762 38.917 -6.875 -5.671 
2 24 40 -7.5 -5.886 39.375 -7.333 -5.762 
2 24 34.912 -2 -2.949 34.125 -2 -0.011 
2 24 34.912 -18 -2.949 34.125 -18 -0.011 
2 24 37.062 -18 -5.099 34.912 -18 -2.949 
2 24 40 -18 -5.886 37.062 -18 -5.099 
2 24 38.75 0 2.75 37.097 0 2.75 
2 24 38.75 0 6.379 38.75 0 2.75 
2 24 36.75 0 5.618 38.75 0 6.379 
2 24 33.5 -2 -0.011 34.371 -2 3.239 
2 24 34.371 0 3.239 33.5 0 -0.011 
2 24 34.371 -2 3.239 36.75 -2 5.618 
2 24 36.75 0 5.618 34.371 0 3.239 
2 24 38.75 -2 6.379 38.75 0 6.379 
2 24 36.75 -2 5.618 38.75 -2 6.379 
2 24 36.284 0 1.475 36.002 0 -0.011 
2 24 37.097 0 2.75 36.284 0 1.475 
2 24 36.284 -20 1.475 36.002 -20 -0.011 
2 24 39.375 -7.333 2.75 40 -7.5 2.75 
2 24 38.917 -6.875 2.75 39.375 -7.333 2.75 
2 24 38.75 -6.25 2.75 38.917 -6.875 2.75 
2 24 38.75 0 2.75 38.75 -6.25 2.75 
2 24 37.097 -20 2.75 37.097 0 2.75 
2 24 37.097 -20 2.75 36.284 -20 1.475 
2 24 34.912 -2 2.926 37.062 -2 5.077 
2 24 38.75 -2 5.74 38.75 -2 6.379 
2 24 37.062 -2 5.077 38.75 -2 5.74 
2 24 38.75 -2 5.74 38.75 -6.25 5.615 
2 24 38.75 -6.25 5.615 38.917 -6.875 5.649 
2 24 38.917 -6.875 5.649 39.375 -7.333 5.74 
2 24 39.375 -7.333 5.74 40 -7.5 5.864 
2 24 34.125 -2 -0.011 34.912 -2 2.926 
2 24 34.125 -18 -0.011 34.912 -18 2.926 
2 24 34.912 -18 2.926 37.062 -18 5.077 
2 24 37.062 -18 5.077 40 -18 5.864 
2 24 46.495 -18 3.748 47.5 -18 -0.002 
2 24 43.75 -18 6.493 46.495 -18 3.748 
2 24 40 -18 7.498 43.75 -18 6.493 
2 24 45.875 -18 -0.011 40 -18 5.875 
2 24 36.25 -18 6.493 40 -18 7.498 
2 24 40 -18 5.875 34.125 -18 -0.011 
2 24 33.505 -18 3.748 36.25 -18 6.493 
2 24 32.5 -18 -0.002 33.505 -18 3.748 
2 24 33.505 -18 -3.752 32.5 -18 -0.002 
2 24 34.125 -18 -0.011 40 -18 -5.886 
2 24 36.25 -18 -6.497 33.505 -18 -3.752 
2 24 40 -18 -7.502 36.25 -18 -6.497 
2 24 43.75 -18 -6.497 40 -18 -7.502 
2 24 40 -18 -5.886 45.875 -18 -0.011 
2 24 46.495 -18 -3.752 43.75 -18 -6.497 
2 24 47.5 -18 -0.002 46.495 -18 -3.752 
2 24 32.5 -20 -0.002 33.505 -20 3.748 
2 24 33.505 -20 -3.752 32.5 -20 -0.002 
2 24 36.25 -20 -6.497 33.505 -20 -3.752 
2 24 40 -20 -7.502 36.25 -20 -6.497 
2 24 43.75 -20 -6.497 40 -20 -7.502 
2 24 46.495 -20 -3.752 43.75 -20 -6.497 
2 24 47.5 -20 -0.002 46.495 -20 -3.752 
2 24 46.495 -20 3.748 47.5 -20 -0.002 
2 24 43.75 -20 6.493 46.495 -20 3.748 
2 24 40 -20 7.498 43.75 -20 6.493 
2 24 36.25 -20 6.493 40 -20 7.498 
2 24 33.505 -20 3.748 36.25 -20 6.493 
2 24 6.495 -18 3.748 7.5 -18 -0.002 
2 24 3.75 -18 6.493 6.495 -18 3.748 
2 24 0 -18 7.498 3.75 -18 6.493 
2 24 5.875 -18 -0.011 0 -18 5.875 
2 24 -3.75 -18 6.493 0 -18 7.498 
2 24 0 -18 5.875 -5.875 -18 -0.011 
2 24 -6.495 -18 3.748 -3.75 -18 6.493 
2 24 -7.5 -18 -0.002 -6.495 -18 3.748 
2 24 -6.495 -18 -3.752 -7.5 -18 -0.002 
2 24 -5.875 -18 -0.011 0 -18 -5.886 
2 24 -3.75 -18 -6.497 -6.495 -18 -3.752 
2 24 0 -18 -7.502 -3.75 -18 -6.497 
2 24 3.75 -18 -6.497 0 -18 -7.502 
2 24 0 -18 -5.886 5.875 -18 -0.011 
2 24 6.495 -18 -3.752 3.75 -18 -6.497 
2 24 7.5 -18 -0.002 6.495 -18 -3.752 
2 24 -7.5 -20 -0.002 -6.495 -20 3.748 
2 24 -6.495 -20 -3.752 -7.5 -20 -0.002 
2 24 -3.75 -20 -6.497 -6.495 -20 -3.752 
2 24 0 -20 -7.502 -3.75 -20 -6.497 
2 24 3.75 -20 -6.497 0 -20 -7.502 
2 24 6.495 -20 -3.752 3.75 -20 -6.497 
2 24 7.5 -20 -0.002 6.495 -20 -3.752 
2 24 6.495 -20 3.748 7.5 -20 -0.002 
2 24 3.75 -20 6.493 6.495 -20 3.748 
2 24 0 -20 7.498 3.75 -20 6.493 
2 24 -3.75 -20 6.493 0 -20 7.498 
2 24 -6.495 -20 3.748 -3.75 -20 6.493 
2 24 13.875 -52.25 -10.774 13.875 -52.25 -29.432 
2 24 14.197 -52.25 -11.096 13.875 -52.25 -10.774 
2 24 16.103 -52.25 -11.607 14.197 -52.25 -11.096 
2 24 13.875 -52.25 -29.432 17.75 -52.25 -28.393 
2 24 17.75 -52.25 -28.393 17.75 -52.25 -11.93 
2 24 17.75 -52.25 -11.93 16.103 -52.25 -11.607 
2 24 13.875 -47.75 -10.774 13.875 -47.75 -29.432 
2 24 13.875 -48.95 -11.096 13.875 -47.75 -10.774 
2 24 13.875 -47.75 -29.432 13.875 -50 -28.829 
2 24 13.875 -50 -28.829 13.875 -52.25 -29.432 
2 24 13.875 -52.25 -10.774 13.875 -51.05 -11.096 
2 24 13.875 -50 -11.171 13.875 -48.95 -11.096 
2 24 13.875 -51.05 -11.096 13.875 -50 -11.171 
2 24 13.875 -47.75 -10.774 14.197 -47.75 -11.096 
2 24 17.75 -47.75 -28.393 13.875 -47.75 -29.432 
2 24 14.197 -47.75 -11.096 16.103 -47.75 -11.607 
2 24 16.103 -47.75 -11.607 17.75 -47.75 -11.93 
2 24 17.75 -47.75 -11.93 17.75 -47.75 -28.393 
2 24 13.875 -47.75 10.774 13.875 -47.75 29.432 
2 24 14.197 -47.75 11.096 13.875 -47.75 10.774 
2 24 16.103 -47.75 11.607 14.197 -47.75 11.096 
2 24 13.875 -47.75 29.432 17.75 -47.75 28.393 
2 24 17.75 -47.75 28.393 17.75 -47.75 11.93 
2 24 17.75 -47.75 11.93 16.103 -47.75 11.607 
2 24 13.875 -52.25 10.774 13.875 -52.25 29.432 
2 24 13.875 -51.05 11.096 13.875 -52.25 10.774 
2 24 13.875 -52.25 29.432 13.875 -50 28.829 
2 24 13.875 -50 28.829 13.875 -47.75 29.432 
2 24 13.875 -47.75 10.774 13.875 -48.95 11.096 
2 24 13.875 -48.95 11.096 13.875 -50 11.171 
2 24 13.875 -50 11.171 13.875 -51.05 11.096 
2 24 13.875 -52.25 10.774 14.197 -52.25 11.096 
2 24 17.75 -52.25 28.393 13.875 -52.25 29.432 
2 24 14.197 -52.25 11.096 16.103 -52.25 11.607 
2 24 16.103 -52.25 11.607 17.75 -52.25 11.93 
2 24 17.75 -52.25 11.93 17.75 -52.25 28.393 
2 24 17.75 -56.125 29.446 17.75 -56.125 10.774 
2 24 17.901 -56.125 29.391 17.75 -56.125 29.446 
2 24 22.25 -56.125 29.446 22.099 -56.125 29.391 
2 24 22.25 -56.125 10.774 22.25 -56.125 29.446 
2 24 20 -56.125 28.829 17.901 -56.125 29.391 
2 24 17.75 -56.125 10.774 18.95 -56.125 11.096 
2 24 21.05 -56.125 11.096 22.25 -56.125 10.774 
2 24 22.099 -56.125 29.391 20 -56.125 28.829 
2 24 18.95 -56.125 11.096 20 -56.125 11.171 
2 24 20 -56.125 11.171 21.05 -56.125 11.096 
2 24 22.25 -43.875 10.774 22.25 -43.875 29.446 
2 24 22.25 -44.197 11.096 22.25 -43.875 10.774 
2 24 22.25 -43.875 29.446 22.25 -43.895 29.426 
2 24 22.25 -56.105 29.426 22.25 -56.125 29.446 
2 24 22.25 -56.125 10.774 22.25 -55.803 11.096 
2 24 22.25 -46.103 11.607 22.25 -44.197 11.096 
2 24 22.25 -48.701 12.116 22.25 -46.103 11.607 
2 24 22.25 -50 12.21 22.25 -48.701 12.116 
2 24 22.25 -50 27.79 22.25 -56.105 29.426 
2 24 22.25 -55.803 11.096 22.25 -53.897 11.607 
2 24 22.25 -53.897 11.607 22.25 -51.299 12.116 
2 24 22.25 -43.895 29.426 22.25 -50 27.79 
2 24 22.25 -51.299 12.116 22.25 -50 12.21 
2 24 22.099 -43.875 29.391 22.25 -43.875 29.446 
2 24 17.75 -43.875 29.446 17.901 -43.875 29.391 
2 24 17.75 -43.875 10.774 17.75 -43.875 29.446 
2 24 20 -43.875 28.829 22.099 -43.875 29.391 
2 24 22.25 -43.875 10.774 21.05 -43.875 11.096 
2 24 18.95 -43.875 11.096 17.75 -43.875 10.774 
2 24 17.901 -43.875 29.391 20 -43.875 28.829 
2 24 21.05 -43.875 11.096 20 -43.875 11.171 
2 24 20 -43.875 11.171 18.95 -43.875 11.096 
2 24 17.75 -55.803 11.096 17.75 -56.125 10.774 
2 24 17.75 -56.125 29.446 17.75 -56.105 29.426 
2 24 17.75 -43.895 29.426 17.75 -43.875 29.446 
2 24 17.75 -43.875 10.774 17.75 -44.197 11.096 
2 24 17.75 -53.897 11.607 17.75 -55.803 11.096 
2 24 17.75 -51.299 12.116 17.75 -53.897 11.607 
2 24 17.75 -56.105 29.426 17.75 -50 27.79 
2 24 17.75 -50 27.79 17.75 -43.895 29.426 
2 24 17.75 -44.197 11.096 17.75 -46.103 11.607 
2 24 17.75 -46.103 11.607 17.75 -48.701 12.116 
2 24 17.75 -48.701 12.116 17.75 -50 12.21 
2 24 17.75 -50 12.21 17.75 -51.299 12.116 
2 24 20 -40 -7.502 24.09 -40 -6.406 
2 24 12.498 -40 0 14.226 -40 -4.723 
2 24 14.226 -40 -4.723 15.91 -40 -6.406 
2 24 15.91 -40 -6.406 20 -40 -7.502 
2 24 24.09 -40 -6.406 25.774 -40 -4.723 
2 24 25.774 -40 -4.723 27.502 -40 0 
2 24 27.502 -40 0 25.774 -40 4.723 
2 24 25.774 -40 4.723 24.09 -40 6.406 
2 24 24.09 -40 6.406 20 -40 7.502 
2 24 20 -40 7.502 15.91 -40 6.406 
2 24 15.91 -40 6.406 14.226 -40 4.723 
2 24 14.226 -40 4.723 12.498 -40 0 
2 24 26.125 -52.25 -10.774 25.803 -52.25 -11.096 
2 24 26.125 -52.25 -29.432 26.125 -52.25 -10.774 
2 24 25.803 -52.25 -11.096 23.897 -52.25 -11.607 
2 24 22.25 -52.25 -28.393 26.125 -52.25 -29.432 
2 24 23.897 -52.25 -11.607 22.25 -52.25 -11.93 
2 24 22.25 -52.25 -11.93 22.25 -52.25 -28.393 
2 24 26.125 -47.75 -10.774 26.125 -48.95 -11.096 
2 24 26.125 -47.75 -29.432 26.125 -47.75 -10.774 
2 24 26.125 -50 -28.829 26.125 -47.75 -29.432 
2 24 26.125 -52.25 -29.432 26.125 -50 -28.829 
2 24 26.125 -51.05 -11.096 26.125 -52.25 -10.774 
2 24 26.125 -48.95 -11.096 26.125 -50 -11.171 
2 24 26.125 -50 -11.171 26.125 -51.05 -11.096 
2 24 25.803 -47.75 -11.096 26.125 -47.75 -10.774 
2 24 26.125 -47.75 -29.432 22.25 -47.75 -28.393 
2 24 23.897 -47.75 -11.607 25.803 -47.75 -11.096 
2 24 22.25 -47.75 -28.393 22.25 -47.75 -11.93 
2 24 22.25 -47.75 -11.93 23.897 -47.75 -11.607 
2 24 26.125 -47.75 10.774 25.803 -47.75 11.096 
2 24 26.125 -47.75 29.432 26.125 -47.75 10.774 
2 24 25.803 -47.75 11.096 23.897 -47.75 11.607 
2 24 22.25 -47.75 28.393 26.125 -47.75 29.432 
2 24 23.897 -47.75 11.607 22.25 -47.75 11.93 
2 24 22.25 -47.75 11.93 22.25 -47.75 28.393 
2 24 26.125 -52.25 10.774 26.125 -51.05 11.096 
2 24 26.125 -52.25 29.432 26.125 -52.25 10.774 
2 24 26.125 -50 28.829 26.125 -52.25 29.432 
2 24 26.125 -47.75 29.432 26.125 -50 28.829 
2 24 26.125 -48.95 11.096 26.125 -47.75 10.774 
2 24 26.125 -50 11.171 26.125 -48.95 11.096 
2 24 26.125 -51.05 11.096 26.125 -50 11.171 
2 24 25.803 -52.25 11.096 26.125 -52.25 10.774 
2 24 26.125 -52.25 29.432 22.25 -52.25 28.393 
2 24 23.897 -52.25 11.607 25.803 -52.25 11.096 
2 24 22.25 -52.25 28.393 22.25 -52.25 11.93 
2 24 22.25 -52.25 11.93 23.897 -52.25 11.607 
2 24 17.75 -56.125 -29.446 17.901 -56.125 -29.391 
2 24 17.75 -56.125 -10.774 17.75 -56.125 -29.446 
2 24 22.25 -56.125 -29.446 22.25 -56.125 -10.774 
2 24 22.099 -56.125 -29.391 22.25 -56.125 -29.446 
2 24 17.901 -56.125 -29.391 20 -56.125 -28.829 
2 24 18.95 -56.125 -11.096 17.75 -56.125 -10.774 
2 24 22.25 -56.125 -10.774 21.05 -56.125 -11.096 
2 24 20 -56.125 -28.829 22.099 -56.125 -29.391 
2 24 20 -56.125 -11.171 18.95 -56.125 -11.096 
2 24 21.05 -56.125 -11.096 20 -56.125 -11.171 
2 24 22.25 -43.875 -10.774 22.25 -44.197 -11.096 
2 24 22.25 -43.875 -29.446 22.25 -43.875 -10.774 
2 24 22.25 -43.895 -29.426 22.25 -43.875 -29.446 
2 24 22.25 -56.125 -29.446 22.25 -56.105 -29.426 
2 24 22.25 -55.803 -11.096 22.25 -56.125 -10.774 
2 24 22.25 -44.197 -11.096 22.25 -46.103 -11.607 
2 24 22.25 -46.103 -11.607 22.25 -48.701 -12.116 
2 24 22.25 -48.701 -12.116 22.25 -50 -12.21 
2 24 22.25 -56.105 -29.426 22.25 -50 -27.79 
2 24 22.25 -53.897 -11.607 22.25 -55.803 -11.096 
2 24 22.25 -51.299 -12.116 22.25 -53.897 -11.607 
2 24 22.25 -50 -27.79 22.25 -43.895 -29.426 
2 24 22.25 -50 -12.21 22.25 -51.299 -12.116 
2 24 22.25 -43.875 -29.446 22.099 -43.875 -29.391 
2 24 17.75 -43.875 -29.446 17.75 -43.875 -10.774 
2 24 17.901 -43.875 -29.391 17.75 -43.875 -29.446 
2 24 22.099 -43.875 -29.391 20 -43.875 -28.829 
2 24 21.05 -43.875 -11.096 22.25 -43.875 -10.774 
2 24 17.75 -43.875 -10.774 18.95 -43.875 -11.096 
2 24 20 -43.875 -28.829 17.901 -43.875 -29.391 
2 24 20 -43.875 -11.171 21.05 -43.875 -11.096 
2 24 18.95 -43.875 -11.096 20 -43.875 -11.171 
2 24 17.75 -56.125 -10.774 17.75 -55.803 -11.096 
2 24 17.75 -56.105 -29.426 17.75 -56.125 -29.446 
2 24 17.75 -43.875 -29.446 17.75 -43.895 -29.426 
2 24 17.75 -44.197 -11.096 17.75 -43.875 -10.774 
2 24 17.75 -55.803 -11.096 17.75 -53.897 -11.607 
2 24 17.75 -53.897 -11.607 17.75 -51.299 -12.116 
2 24 17.75 -50 -27.79 17.75 -56.105 -29.426 
2 24 17.75 -43.895 -29.426 17.75 -50 -27.79 
2 24 17.75 -46.103 -11.607 17.75 -44.197 -11.096 
2 24 17.75 -48.701 -12.116 17.75 -46.103 -11.607 
2 24 17.75 -50 -12.21 17.75 -48.701 -12.116 
2 24 17.75 -51.299 -12.116 17.75 -50 -12.21 
2 24 23.75 -21.871 4.875 23.75 -22.402 2.165 
2 24 23.75 -38.25 4.875 23.75 -21.871 4.875 
2 24 23.75 -21.871 -4.875 23.75 -38.25 -4.875 
2 24 23.75 -22.402 -2.165 23.75 -21.871 -4.875 
2 24 23.75 -22.402 2.165 23.75 -22.558 0 
2 24 23.75 -38.25 -4.875 23.75 -38.25 4.875 
2 24 23.75 -22.558 0 23.75 -22.402 -2.165 
2 24 23.75 -21.871 -4.875 22.815 -22.054 -4.875 
2 24 29.8 -37.325 5.5 47.113 -23.75 5.5 
2 24 40.5 -28.935 9.25 29.8 -37.325 9.25 
2 24 29.8 -37.325 9.25 29.8 -37.325 5.5 
2 24 44.876 -25.504 8.011 40.5 -28.935 9.25 
2 24 48.079 -22.992 4.625 44.876 -25.504 8.011 
2 24 47.113 -23.75 5.5 47.113 -23.75 -5.5 
2 24 49.252 -22.073 0 48.079 -22.992 4.625 
2 24 48.079 -22.992 -4.625 49.252 -22.073 0 
2 24 44.876 -25.504 -8.011 48.079 -22.992 -4.625 
2 24 47.113 -23.75 -5.5 29.8 -37.325 -5.5 
2 24 40.5 -28.935 -9.25 44.876 -25.504 -8.011 
2 24 29.8 -37.325 -5.5 29.8 -37.325 -9.25 
2 24 29.8 -37.325 -9.25 40.5 -28.935 -9.25 
2 24 27.875 -37.325 5.5 27.875 -37.325 -5.5 
2 24 27.875 -23.75 5.5 27.875 -37.325 5.5 
2 24 27.875 -37.325 -5.5 27.875 -23.75 -5.5 
2 24 27.875 -23.75 -5.5 27.875 -23.75 5.5 
2 24 27.875 -23.75 -5.5 47.113 -23.75 -5.5 
2 24 47.113 -23.75 5.5 27.875 -23.75 5.5 
2 24 29.8 -37.325 5.5 27.875 -37.325 5.5 
2 24 29.8 -37.325 5.5 29.8 -37.325 -5.5 
2 24 29.8 -37.325 -5.5 27.875 -37.325 -5.5 
2 24 40.5 -20 -9.25 44.876 -20 -8.011 
2 24 44.876 -20 8.011 40.5 -20 9.25 
2 24 48.079 -20 -4.625 44.876 -20 -8.011 
2 24 48.079 -20 4.625 49.252 -20 0 
2 24 49.252 -20 0 48.079 -20 -4.625 
2 24 44.876 -20 8.011 48.079 -20 4.625 
2 24 29.8 -37.325 9.25 29.8 -40 9.25 
2 24 29.8 -40 9.25 29.8 -40 -9.25 
2 24 29.8 -40 -9.25 29.8 -37.325 -9.25 
2 24 27.147 -20 4.126 28.252 -20 0 
2 24 24.126 -20 7.147 27.147 -20 4.126 
2 24 20 -20 8.252 24.126 -20 7.147 
2 24 24.126 -20 -7.147 20 -20 -8.252 
2 24 27.147 -20 -4.126 24.126 -20 -7.147 
2 24 28.252 -20 0 27.147 -20 -4.126 
2 24 23.75 -21.871 4.875 22.815 -22.054 4.875 
2 24 22.815 -22.054 4.875 20 -22.256 4.875 
2 24 20 -22.256 -4.875 22.815 -22.054 -4.875 
2 24 16.25 -38.25 4.875 23.75 -38.25 4.875 
2 24 23.75 -38.25 -4.875 16.25 -38.25 -4.875 
2 24 16.25 -38.25 -4.875 16.25 -38.25 4.875 
2 24 10.2 -37.325 9.25 10.2 -40 9.25 
2 24 10.2 -40 9.25 29.8 -40 9.25 
2 24 40.5 -20 9.25 -0.5 -20 9.25 
2 24 -0.5 -28.935 9.25 10.2 -37.325 9.25 
2 24 16.25 -21.871 4.875 16.25 -38.25 4.875 
2 24 16.25 -22.402 2.165 16.25 -21.871 4.875 
2 24 16.25 -21.871 -4.875 16.25 -22.402 -2.165 
2 24 16.25 -38.25 -4.875 16.25 -21.871 -4.875 
2 24 16.25 -22.558 0 16.25 -22.402 2.165 
2 24 16.25 -22.402 -2.165 16.25 -22.558 0 
2 24 17.185 -22.054 -4.875 16.25 -21.871 -4.875 
2 24 20 -22.256 -4.875 17.185 -22.054 -4.875 
2 24 -7.113 -23.75 5.5 10.2 -37.325 5.5 
2 24 10.2 -37.325 5.5 10.2 -37.325 9.25 
2 24 -0.5 -28.935 9.25 -4.876 -25.504 8.011 
2 24 -4.876 -25.504 8.011 -8.079 -22.992 4.625 
2 24 -7.113 -23.75 -5.5 -7.113 -23.75 5.5 
2 24 -8.079 -22.992 4.625 -9.252 -22.073 0 
2 24 -9.252 -22.073 0 -8.079 -22.992 -4.625 
2 24 -8.079 -22.992 -4.625 -4.876 -25.504 -8.011 
2 24 10.2 -37.325 -5.5 -7.113 -23.75 -5.5 
2 24 -4.876 -25.504 -8.011 -0.5 -28.935 -9.25 
2 24 -0.5 -28.935 -9.25 10.2 -37.325 -9.25 
2 24 10.2 -37.325 -9.25 10.2 -37.325 -5.5 
2 24 12.125 -37.325 5.5 12.125 -23.75 5.5 
2 24 12.125 -37.325 -5.5 12.125 -37.325 5.5 
2 24 12.125 -23.75 5.5 12.125 -23.75 -5.5 
2 24 12.125 -23.75 -5.5 12.125 -37.325 -5.5 
2 24 -7.113 -23.75 -5.5 12.125 -23.75 -5.5 
2 24 12.125 -23.75 5.5 -7.113 -23.75 5.5 
2 24 12.125 -37.325 5.5 10.2 -37.325 5.5 
2 24 10.2 -37.325 -5.5 10.2 -37.325 5.5 
2 24 12.125 -37.325 -5.5 10.2 -37.325 -5.5 
2 24 -4.876 -20 -8.011 -0.5 -20 -9.25 
2 24 -0.5 -20 9.25 -4.876 -20 8.011 
2 24 -4.876 -20 -8.011 -8.079 -20 -4.625 
2 24 -8.079 -20 -4.625 -9.252 -20 0 
2 24 -9.252 -20 0 -8.079 -20 4.625 
2 24 -8.079 -20 4.625 -4.876 -20 8.011 
2 24 10.2 -40 -9.25 10.2 -37.325 -9.25 
2 24 29.8 -40 -9.25 10.2 -40 -9.25 
2 24 -0.5 -20 -9.25 40.5 -20 -9.25 
2 24 10.2 -40 9.25 10.2 -40 -9.25 
2 24 11.748 -20 0 12.853 -20 4.126 
2 24 12.853 -20 4.126 15.874 -20 7.147 
2 24 15.874 -20 7.147 20 -20 8.252 
2 24 20 -20 -8.252 15.874 -20 -7.147 
2 24 15.874 -20 -7.147 12.853 -20 -4.126 
2 24 12.853 -20 -4.126 11.748 -20 0 
2 24 17.185 -22.054 4.875 16.25 -21.871 4.875 
2 24 20 -22.256 4.875 17.185 -22.054 4.875 

