0 MINI MERMAID TAIL NO.2 (Needs Work)
0 Name: 95351.dat
0 Author: <AuthorRealName> [<AuthorLDrawName>]
0 !LDRAW_ORG Unofficial_Part
0 !LICENSE Redistributable under CCAL version 2.0 : see CAreadme.txt

0 BFC CERTIFY CCW

0 !HISTORY 2013-08-14 {LEGO Digital Designer} Original part shape
0 !HISTORY 2013-08-14 [<AuthorLDrawName>] File preparation for LDraw Parts Tracker

0 // Needs Work: Clean necessary

0 // Outside
3 16 58.804 -23.448 30.664 58.617 -23.978 30.834 59.77 -23.353 30.647 
3 16 62.068 -13.953 22.823 56.973 -15.691 23.624 63.077 -13.99 22.945 
3 16 50.793 -14.52 22.929 42.325 -18.875 27.114 52.909 -15.857 24.447 
3 16 52.909 -15.857 24.447 42.325 -18.875 27.114 44.684 -20.046 28.427 
3 16 56.853 -20.769 28.271 51.047 -24.319 31.376 57.324 -21.503 28.442 
3 16 51.543 -24.907 31.642 57.324 -21.503 28.442 51.047 -24.319 31.376 
3 16 51.543 -24.907 31.642 52.261 -25.114 31.991 57.324 -21.503 28.442 
3 16 52.261 -25.114 31.991 57.677 -21.801 29.213 57.324 -21.503 28.442 
3 16 45.131 -20.844 28.932 53.415 -16.902 24.598 44.684 -20.046 28.427 
3 16 44.684 -20.046 28.427 53.415 -16.902 24.598 52.909 -15.857 24.447 
3 16 59.77 -23.353 30.647 58.617 -23.978 30.834 59.129 -23.956 31.063 
3 16 63.077 -13.99 22.945 56.973 -15.691 23.624 62.296 -14.362 23.169 
3 16 58.804 -23.448 30.664 54.017 -26.397 32.993 58.617 -23.978 30.834 
3 16 58.617 -23.978 30.834 54.017 -26.397 32.993 54.542 -27.07 33.486 
3 16 61.027 -20.116 27.942 60.622 -19.969 27.548 57.677 -21.801 29.213 
3 16 57.677 -21.801 29.213 60.622 -19.969 27.548 57.324 -21.503 28.442 
3 16 56.853 -20.769 28.271 57.324 -21.503 28.442 60.397 -19.612 27.415 
3 16 60.622 -19.969 27.548 60.397 -19.612 27.415 57.324 -21.503 28.442 
3 16 62.937 -16.29 24.804 58.749 -17.593 25.178 62.371 -16.856 25.157 
3 16 59.41 -17.843 25.885 62.371 -16.856 25.157 58.749 -17.593 25.178 
3 16 62.937 -16.29 24.804 62.068 -16.259 24.692 58.749 -17.593 25.178 
3 16 58.749 -17.593 25.178 62.068 -16.259 24.692 58.62 -17.155 25.172 
3 16 57.463 -15.984 24.35 62.296 -14.362 23.169 56.973 -15.691 23.624 
3 16 56.973 -15.691 23.624 56.458 -14.79 23.442 53.415 -16.902 24.598 
3 16 53.415 -16.902 24.598 56.458 -14.79 23.442 52.909 -15.857 24.447 
3 16 50.793 -14.52 22.929 52.909 -15.857 24.447 54.569 -13.222 21.943 
3 16 56.458 -14.79 23.442 54.569 -13.222 21.943 52.909 -15.857 24.447 
3 16 41.887 -21.924 30.992 44.684 -20.046 28.427 40.219 -19.813 28.482 
3 16 44.684 -20.046 28.427 42.325 -18.875 27.114 40.219 -19.813 28.482 
3 16 41.887 -21.924 30.992 45.131 -20.844 28.932 44.684 -20.046 28.427 
3 16 41.887 -21.924 30.992 46.106 -21.296 29.294 45.131 -20.844 28.932 
3 16 41.887 -21.924 30.992 44.969 -24.154 32.755 46.106 -21.296 29.294 
3 16 44.969 -24.154 32.755 47.576 -21.958 29.644 46.106 -21.296 29.294 
3 16 44.969 -24.154 32.755 47.954 -22.706 30.135 47.576 -21.958 29.644 
3 16 44.969 -24.154 32.755 48.89 -23.006 30.388 47.954 -22.706 30.135 
3 16 44.969 -24.154 32.755 49.141 -26.548 34.462 48.89 -23.006 30.388 
3 16 49.141 -26.548 34.462 51.047 -24.319 31.376 48.89 -23.006 30.388 
3 16 49.141 -26.548 34.462 51.543 -24.907 31.642 51.047 -24.319 31.376 
3 16 49.141 -26.548 34.462 52.261 -25.114 31.991 51.543 -24.907 31.642 
3 16 51.958 -27.923 35.038 54.542 -27.07 33.486 54.017 -26.397 32.993 
3 16 49.141 -26.548 34.462 51.958 -27.923 35.038 52.261 -25.114 31.991 
3 16 52.261 -25.114 31.991 51.958 -27.923 35.038 54.017 -26.397 32.993 
3 16 62.068 -13.953 22.823 58.874 -12.267 21.145 56.458 -14.79 23.442 
3 16 58.874 -12.267 21.145 54.569 -13.222 21.943 56.458 -14.79 23.442 
3 16 56.973 -15.691 23.624 62.068 -13.953 22.823 56.458 -14.79 23.442 
3 16 58.874 -12.267 21.145 62.068 -13.953 22.823 66.063 -12.756 22.006 
3 16 63.077 -13.99 22.945 66.063 -12.756 22.006 62.068 -13.953 22.823 
3 16 51.958 -27.923 35.038 55.549 -27.154 33.59 54.542 -27.07 33.486 
3 16 54.542 -27.07 33.486 55.549 -27.154 33.59 58.617 -23.978 30.834 
3 16 55.549 -27.154 33.59 59.129 -23.956 31.063 58.617 -23.978 30.834 
3 16 50.793 -14.52 22.929 54.569 -13.222 21.943 51.293 -16.234 20.058 
3 16 51.293 -16.234 20.058 54.569 -13.222 21.943 54.828 -15.158 19.026 
3 16 56.552 -26.493 25.849 51.717 -29.212 28.188 56.243 -26.468 25.808 
3 16 51.717 -29.212 28.188 51.424 -28.943 27.887 56.243 -26.468 25.808 
3 16 64.855 -16.904 19.115 65.266 -14.713 18.057 66.587 -14.664 23.145 
3 16 65.266 -14.713 18.057 66.063 -12.756 22.006 66.587 -14.664 23.145 
3 16 51.293 -16.234 20.058 54.828 -15.158 19.026 52.475 -18.247 20.495 
3 16 52.475 -18.247 20.495 54.828 -15.158 19.026 55.617 -17.367 19.628 
3 16 59.453 -17.103 18.917 60.027 -17.466 19.033 55.861 -17.819 20.171 
3 16 43.504 -22.856 24.804 42.767 -20.323 24.226 52.475 -18.247 20.495 
3 16 42.767 -20.323 24.226 51.293 -16.234 20.058 52.475 -18.247 20.495 
3 16 63.053 -21.112 22.228 64.855 -16.904 19.115 65.309 -18.452 25.817 
3 16 64.855 -16.904 19.115 66.587 -14.664 23.145 65.309 -18.452 25.817 
3 16 64.855 -16.904 19.115 63.053 -21.112 22.228 60.027 -17.466 19.033 
3 16 58.422 -20.336 21.009 59.559 -17.712 19.236 63.053 -21.112 22.228 
3 16 59.559 -17.712 19.236 60.027 -17.466 19.033 63.053 -21.112 22.228 
3 16 58.422 -20.336 21.009 57.844 -20.154 20.913 59.559 -17.712 19.236 
3 16 57.844 -20.154 20.913 54.244 -20.893 21.789 55.979 -18.526 20.184 
3 16 54.244 -20.893 21.789 53.182 -19.538 21.096 55.979 -18.526 20.184 
3 16 63.053 -21.112 22.228 65.309 -18.452 25.817 61.636 -23.623 24.214 
3 16 65.309 -18.452 25.817 64.256 -20.754 27.519 61.636 -23.623 24.214 
3 16 55.516 -23.234 23.258 55.778 -23.565 23.924 48.795 -26.926 26.536 
3 16 49.159 -27.423 26.939 48.795 -26.926 26.536 55.778 -23.565 23.924 
3 16 64.256 -20.754 27.519 62.375 -23.978 29.987 61.636 -23.623 24.214 
3 16 59.704 -26.586 26.719 61.636 -23.623 24.214 62.375 -23.978 29.987 
3 16 56.162 -24.212 23.936 61.636 -23.623 24.214 56.552 -26.493 25.849 
3 16 56.552 -26.493 25.849 61.636 -23.623 24.214 59.704 -26.586 26.719 
3 16 59.704 -26.586 26.719 56.487 -26.679 26.005 56.552 -26.493 25.849 
3 16 46.966 -29.081 28.469 49.744 -27.768 27.067 49.676 -30.724 29.576 
3 16 49.676 -30.724 29.576 49.744 -27.768 27.067 51.424 -28.943 27.887 
3 16 57.517 -30.908 36.088 53.921 -33.004 31.921 62.375 -23.978 29.987 
3 16 53.921 -33.004 31.921 59.704 -26.586 26.719 62.375 -23.978 29.987 
3 16 58.636 -22.906 22.946 55.778 -23.565 23.924 58.182 -22.792 22.851 
3 16 55.778 -23.565 23.924 55.516 -23.234 23.258 58.182 -22.792 22.851 
3 16 49.159 -27.423 26.939 55.778 -23.565 23.924 49.744 -27.768 27.067 
3 16 49.744 -27.768 27.067 55.778 -23.565 23.924 56.162 -24.212 23.936 
3 16 46.4 -25.509 25.922 46.253 -24.813 25.451 54.436 -21.266 22.344 
3 16 46.253 -24.813 25.451 54.244 -20.893 21.789 54.436 -21.266 22.344 
3 16 57.844 -20.154 20.913 58.422 -20.336 21.009 54.436 -21.266 22.344 
3 16 54.436 -21.266 22.344 54.244 -20.893 21.789 57.844 -20.154 20.913 
3 16 46.4 -25.509 25.922 54.436 -21.266 22.344 47.129 -25.697 25.905 
3 16 54.436 -21.266 22.344 54.69 -21.855 22.354 47.129 -25.697 25.905 
3 16 57.911 -20.773 21.338 54.69 -21.855 22.354 54.436 -21.266 22.344 
3 16 52.475 -18.247 20.495 52.76 -18.757 21.147 43.504 -22.856 24.804 
3 16 43.504 -22.856 24.804 52.76 -18.757 21.147 43.777 -23.554 25.197 
3 16 52.76 -18.757 21.147 52.475 -18.247 20.495 55.861 -17.819 20.171 
3 16 55.861 -17.819 20.171 52.475 -18.247 20.495 55.617 -17.367 19.628 
3 16 55.861 -17.819 20.171 55.617 -17.367 19.628 59.453 -17.103 18.917 
3 16 43.777 -23.554 25.197 52.76 -18.757 21.147 44.54 -24 25.278 
3 16 52.76 -18.757 21.147 53.182 -19.538 21.096 44.54 -24 25.278 
3 16 52.76 -18.757 21.147 55.861 -17.819 20.171 53.182 -19.538 21.096 
3 16 53.182 -19.538 21.096 55.861 -17.819 20.171 55.979 -18.526 20.184 
3 16 59.559 -17.712 19.236 55.979 -18.526 20.184 55.861 -17.819 20.171 
3 16 42.325 -18.875 27.114 50.793 -14.52 22.929 42.767 -20.323 24.226 
3 16 50.793 -14.52 22.929 51.293 -16.234 20.058 42.767 -20.323 24.226 
3 16 49.744 -27.768 27.067 46.966 -29.081 28.469 49.159 -27.423 26.939 
3 16 49.159 -27.423 26.939 46.966 -29.081 28.469 48.795 -26.926 26.536 
3 16 47.129 -25.697 25.905 44.104 -26.822 27.359 46.4 -25.509 25.922 
3 16 46.4 -25.509 25.922 44.104 -26.822 27.359 46.253 -24.813 25.451 
3 16 44.54 -24 25.278 41.424 -24.402 26.423 43.777 -23.554 25.197 
3 16 43.777 -23.554 25.197 41.424 -24.402 26.423 43.504 -22.856 24.804 
3 16 41.424 -24.402 26.423 39.477 -21.58 25.698 43.504 -22.856 24.804 
3 16 39.477 -21.58 25.698 42.767 -20.323 24.226 43.504 -22.856 24.804 
3 16 42.767 -20.323 24.226 39.477 -21.58 25.698 42.325 -18.875 27.114 
3 16 39.477 -21.58 25.698 40.219 -19.813 28.482 42.325 -18.875 27.114 
3 16 56.162 -24.212 23.936 56.243 -26.468 25.808 49.744 -27.768 27.067 
3 16 49.744 -27.768 27.067 56.243 -26.468 25.808 51.424 -28.943 27.887 
3 16 47.129 -25.697 25.905 54.69 -21.855 22.354 48.795 -26.926 26.536 
3 16 55.516 -23.234 23.258 48.795 -26.926 26.536 54.69 -21.855 22.354 
3 16 44.54 -24 25.278 53.182 -19.538 21.096 46.253 -24.813 25.451 
3 16 54.244 -20.893 21.789 46.253 -24.813 25.451 53.182 -19.538 21.096 
3 16 57.911 -20.773 21.338 63.053 -21.112 22.228 58.636 -22.906 22.946 
3 16 58.636 -22.906 22.946 63.053 -21.112 22.228 61.636 -23.623 24.214 
3 16 58.636 -22.906 22.946 61.636 -23.623 24.214 58.344 -23.193 23.177 
3 16 44.104 -26.822 27.359 47.129 -25.697 25.905 46.966 -29.081 28.469 
3 16 47.129 -25.697 25.905 48.795 -26.926 26.536 46.966 -29.081 28.469 
3 16 41.424 -24.402 26.423 44.54 -24 25.278 44.104 -26.822 27.359 
3 16 44.54 -24 25.278 46.253 -24.813 25.451 44.104 -26.822 27.359 
3 16 56.552 -26.493 25.849 56.487 -26.679 26.005 51.717 -29.212 28.188 
3 16 52.228 -29.422 28.295 51.717 -29.212 28.188 56.487 -26.679 26.005 
3 16 58.636 -22.906 22.946 58.344 -23.193 23.177 55.778 -23.565 23.924 
3 16 56.162 -24.212 23.936 55.778 -23.565 23.924 58.344 -23.193 23.177 
3 16 58.422 -20.336 21.009 57.911 -20.773 21.338 54.436 -21.266 22.344 
3 16 60.027 -17.466 19.033 59.559 -17.712 19.236 55.861 -17.819 20.171 
3 16 56.162 -24.212 23.936 58.344 -23.193 23.177 61.636 -23.623 24.214 
3 16 49.676 -30.724 29.576 51.424 -28.943 27.887 51.717 -29.212 28.188 
3 16 -1.758 -5.381 4.297 -4.023 -5.378 2.164 -3.178 -5.363 5.142 
3 16 -5.181 -5.378 3.124 -3.178 -5.363 5.142 -4.023 -5.378 2.164 
3 16 -5.181 -5.378 3.124 -4.023 -5.378 2.164 -6.031 -5.378 0.449 
3 16 -4.602 -5.378 0.318 -6.031 -5.378 0.449 -4.023 -5.378 2.164 
3 16 -6.031 -5.378 0.449 -4.602 -5.378 0.318 -4.998 -5.378 -2.694 
3 16 -3.895 -5.378 -2.112 -4.998 -5.378 -2.694 -4.602 -5.378 0.318 
3 16 -4.998 -5.378 -2.694 -3.895 -5.378 -2.112 -2.605 -5.378 -5.42 
3 16 -1.642 -5.378 -4.27 -2.605 -5.378 -5.42 -3.895 -5.378 -2.112 
3 16 -2.605 -5.378 -5.42 -1.642 -5.378 -4.27 0.815 -5.378 -5.84 
3 16 1.477 -5.378 -4.194 0.815 -5.378 -5.84 -1.642 -5.378 -4.27 
3 16 4.15 -5.378 -2.696 3.463 -5.378 -4.982 1.477 -5.378 -4.194 
3 16 3.463 -5.378 -4.982 0.815 -5.378 -5.84 1.477 -5.378 -4.194 
3 16 5.049 -5.378 -3.691 3.463 -5.378 -4.982 4.15 -5.378 -2.696 
3 16 -1.013 -5.378 6.318 -1.758 -5.381 4.297 -1.127 -5.378 6.382 
3 16 -1.758 -5.381 4.297 -3.178 -5.363 5.142 -1.127 -5.378 6.382 
3 16 6.435 -5.378 -3.908 5.049 -5.378 -3.691 4.15 -5.378 -2.696 
3 16 -2.896 -0.003 5.317 -3.178 -5.363 5.142 -5.177 -3.352 3.121 
3 16 -3.178 -5.363 5.142 -5.181 -5.378 3.124 -5.177 -3.352 3.121 
3 16 -2.437 -4.392 -5.544 -4.998 -5.378 -2.694 -2.605 -5.378 -5.42 
3 16 0.523 -2.369 -5.848 -2.437 -4.392 -5.544 0.815 -5.378 -5.84 
3 16 0.815 -5.378 -5.84 -2.437 -4.392 -5.544 -2.605 -5.378 -5.42 
3 16 3.438 -0.003 -5 0.523 -2.369 -5.848 3.463 -5.378 -4.982 
3 16 3.463 -5.378 -4.982 0.523 -2.369 -5.848 0.815 -5.378 -5.84 
3 16 5.049 -5.378 -3.691 5.049 -0.004 -3.691 3.463 -5.378 -4.982 
3 16 5.049 -0.004 -3.691 3.438 -0.003 -5 3.463 -5.378 -4.982 
3 16 -0.782 -0.001 8.729 -0.87 -5.378 7.512 -1.032 -0.003 6.555 
3 16 -0.87 -5.378 7.512 -1.127 -5.378 6.382 -1.032 -0.003 6.555 
3 16 6.435 -5.378 -3.908 6.435 -0.003 -3.908 5.049 -5.378 -3.691 
3 16 6.435 -0.003 -3.908 5.049 -0.004 -3.691 5.049 -5.378 -3.691 
3 16 -6.031 -5.378 0.449 -5.933 -5.034 1.096 -5.181 -5.378 3.124 
3 16 -5.933 -5.034 1.096 -5.177 -3.352 3.121 -5.181 -5.378 3.124 
3 16 -3.662 -36.953 -1.987 -4.327 -36.953 0.299 -1.543 -36.953 -4.015 
3 16 -1.543 -36.953 -4.015 -4.327 -36.953 0.299 -3.782 -36.953 2.035 
3 16 -1.543 -36.953 -4.015 -3.782 -36.953 2.035 1.39 -36.953 -3.944 
3 16 -3.782 -36.953 2.035 -1.344 -36.953 4.212 1.39 -36.953 -3.944 
3 16 21.873 -36.953 -5.547 21.839 -36.953 6.487 25.408 -36.953 -3.152 
3 16 25.749 -36.953 6.449 25.408 -36.953 -3.152 21.839 -36.953 6.487 
3 16 25.818 -29.108 8.077 25.749 -36.953 6.449 21.942 -29.362 8.535 
3 16 25.749 -36.953 6.449 21.839 -36.953 6.487 21.942 -29.362 8.535 
3 16 25.896 -20.152 16.365 25.818 -29.108 8.077 22.067 -20.501 16.603 
3 16 22.067 -20.501 16.603 25.818 -29.108 8.077 21.942 -29.362 8.535 
3 16 5.242 -29.74 8.944 5.129 -36.953 6.627 -0.563 -29.745 8.817 
3 16 -0.563 -29.745 8.817 5.129 -36.953 6.627 -0.667 -34.679 7.124 
3 16 -0.667 -34.679 7.124 5.129 -36.953 6.627 -0.688 -36.953 6.665 
3 16 5.242 -29.74 8.944 5.526 -19.954 16.861 11.927 -29.643 8.923 
3 16 5.526 -19.954 16.861 12.222 -20.456 16.83 11.927 -29.643 8.923 
3 16 11.927 -29.643 8.923 11.694 -36.953 6.584 5.242 -29.74 8.944 
3 16 5.242 -29.74 8.944 11.694 -36.953 6.584 5.129 -36.953 6.627 
3 16 5.129 -36.953 6.627 6.708 -36.948 -3.777 4.016 -36.979 -2.306 
3 16 9.159 -36.957 -5.623 6.708 -36.948 -3.777 11.694 -36.953 6.584 
3 16 11.694 -36.953 6.584 6.708 -36.948 -3.777 5.129 -36.953 6.627 
3 16 4.737 -15.96 21.686 5.526 -19.954 16.861 2.161 -16.382 19.716 
3 16 2.161 -16.382 19.716 5.526 -19.954 16.861 0.359 -18.888 16.437 
3 16 6.882 -16.92 21.434 5.526 -19.954 16.861 4.737 -15.96 21.686 
3 16 5.526 -19.954 16.861 6.882 -16.92 21.434 12.222 -20.456 16.83 
3 16 6.882 -16.92 21.434 12.072 -18.228 20.779 12.222 -20.456 16.83 
3 16 25.906 -18.773 21.286 25.896 -20.152 16.365 21.963 -18.813 21.227 
3 16 25.896 -20.152 16.365 22.067 -20.501 16.603 21.963 -18.813 21.227 
3 16 26.025 -0.003 2.54 25.818 -29.108 8.077 26.025 -0.003 8.698 
3 16 -0.688 -36.953 6.665 -1.344 -36.953 4.212 -0.667 -34.679 7.124 
3 16 -0.667 -34.679 7.124 -1.344 -36.953 4.212 -1.758 -5.381 4.297 
3 16 -1.013 -5.378 6.318 -0.667 -34.679 7.124 -1.758 -5.381 4.297 
3 16 21.963 -18.813 21.227 22.067 -20.501 16.603 12.072 -18.228 20.779 
3 16 22.067 -20.501 16.603 12.222 -20.456 16.83 12.072 -18.228 20.779 
3 16 11.927 -29.643 8.923 12.222 -20.456 16.83 21.942 -29.362 8.535 
3 16 12.222 -20.456 16.83 22.067 -20.501 16.603 21.942 -29.362 8.535 
3 16 21.942 -29.362 8.535 21.839 -36.953 6.487 11.927 -29.643 8.923 
3 16 11.927 -29.643 8.923 21.839 -36.953 6.487 11.694 -36.953 6.584 
3 16 20.631 -18.504 25.911 24.324 -18.863 25.591 25.906 -18.773 21.286 
3 16 25.906 -18.773 21.286 21.963 -18.813 21.227 20.631 -18.504 25.911 
3 16 9.159 -36.957 -5.623 11.694 -36.953 6.584 21.873 -36.953 -5.547 
3 16 21.839 -36.953 6.487 21.873 -36.953 -5.547 11.694 -36.953 6.584 
3 16 1.39 -36.953 -3.944 -1.344 -36.953 4.212 4.016 -36.979 -2.306 
3 16 5.129 -36.953 6.627 4.016 -36.979 -2.306 -0.688 -36.953 6.665 
3 16 -1.344 -36.953 4.212 -0.688 -36.953 6.665 4.016 -36.979 -2.306 
3 16 25.896 -20.152 16.365 25.906 -18.773 21.286 26.025 -0.002 16.632 
3 16 25.906 -18.773 21.286 26.024 -0.003 20.075 26.025 -0.002 16.632 
3 16 1.353 -5.378 18.606 2.161 -16.382 19.716 0.359 -18.888 16.437 
3 16 1.353 -5.378 18.606 4.617 -5.378 21.918 2.161 -16.382 19.716 
3 16 4.617 -5.378 21.918 4.737 -15.96 21.686 2.161 -16.382 19.716 
3 16 6.302 -5.378 21.833 6.882 -16.92 21.434 4.617 -5.378 21.918 
3 16 6.882 -16.92 21.434 4.737 -15.96 21.686 4.617 -5.378 21.918 
3 16 6.882 -16.92 21.434 6.302 -5.378 21.833 6.803 -0.003 21.559 
3 16 14.435 -17.433 25.877 9.741 -16.955 22.839 14.314 -0.003 25.952 
3 16 9.741 -16.955 22.839 9.557 0.018 22.823 14.314 -0.003 25.952 
3 16 25.906 -18.773 21.286 26.023 -0.003 22.444 26.024 -0.003 20.075 
3 16 25.906 -18.773 21.286 24.324 -18.863 25.591 26.023 -0.003 22.444 
3 16 24.324 -18.863 25.591 24.337 0 25.704 26.023 -0.003 22.444 
3 16 24.324 -18.863 25.591 20.631 -18.504 25.911 24.337 0 25.704 
3 16 20.631 -18.504 25.911 20.617 -0.002 26.028 24.337 0 25.704 
3 16 25.818 -29.108 8.077 25.896 -20.152 16.365 26.025 -0.003 8.698 
3 16 25.896 -20.152 16.365 26.025 -0.002 16.632 26.025 -0.003 8.698 
3 16 -0.87 -5.378 7.512 -0.884 -5.377 13.362 -0.563 -29.745 8.817 
3 16 0.359 -18.888 16.437 -0.563 -29.745 8.817 -0.884 -5.377 13.362 
3 16 1.353 -5.378 18.606 0.359 -18.888 16.437 -0.884 -5.377 13.362 
3 16 -1.127 -5.378 6.382 -0.87 -5.378 7.512 -1.013 -5.378 6.318 
3 16 -0.667 -34.679 7.124 -1.013 -5.378 6.318 -0.563 -29.745 8.817 
3 16 -0.87 -5.378 7.512 -0.563 -29.745 8.817 -1.013 -5.378 6.318 
3 16 -0.87 -5.378 7.512 -0.782 -0.001 8.729 -0.884 -5.377 13.362 
3 16 -0.667 -0.003 13.058 -0.884 -5.377 13.362 -0.782 -0.001 8.729 
3 16 3.989 -5.378 24.958 5.463 -0.003 23.281 6.302 -5.378 21.833 
3 16 5.463 -0.003 23.281 6.803 -0.003 21.559 6.302 -5.378 21.833 
3 16 -0.086 -5.378 20.441 1.353 -5.378 18.606 -3.902 -5.379 14.945 
3 16 1.353 -5.378 18.606 -0.884 -5.377 13.362 -3.902 -5.379 14.945 
3 16 3.989 -5.378 24.958 4.617 -5.378 21.918 -0.086 -5.378 20.441 
3 16 4.617 -5.378 21.918 1.353 -5.378 18.606 -0.086 -5.378 20.441 
3 16 9.741 -16.955 22.839 12.072 -18.228 20.779 6.882 -16.92 21.434 
3 16 20.631 -18.504 25.911 14.435 -17.433 25.877 20.617 -0.002 26.028 
3 16 14.435 -17.433 25.877 14.314 -0.003 25.952 20.617 -0.002 26.028 
3 16 12.072 -18.228 20.779 14.435 -17.433 25.877 21.963 -18.813 21.227 
3 16 21.963 -18.813 21.227 14.435 -17.433 25.877 20.631 -18.504 25.911 
3 16 -2.896 -0.003 5.317 -3.135 -0.003 6.534 -1.032 -0.003 6.555 
3 16 -3.504 -0.003 8.882 -0.782 -0.001 8.729 -3.135 -0.003 6.534 
3 16 -1.032 -0.003 6.555 -3.135 -0.003 6.534 -0.782 -0.001 8.729 
3 16 -3.504 -0.003 8.882 -2.381 -0.003 13.206 -0.782 -0.001 8.729 
3 16 -0.782 -0.001 8.729 -2.381 -0.003 13.206 -0.667 -0.003 13.058 
3 16 -0.667 -0.003 13.058 -2.381 -0.003 13.206 -2.004 -0.003 13.927 
3 16 6.435 -0.003 -3.908 4.786 -0.003 -6.184 5.049 -0.004 -3.691 
3 16 3.438 -0.003 -5 5.049 -0.004 -3.691 4.786 -0.003 -6.184 
3 16 9.599 -0.003 -9.8 4.786 -0.003 -6.184 9.072 0 -5.881 
3 16 4.786 -0.003 -6.184 6.435 -0.003 -3.908 9.072 0 -5.881 
3 16 22.717 -0.001 -9.801 21.927 -0.003 -5.796 26.036 -0.003 -9.8 
3 16 26.036 -0.003 -9.8 21.927 -0.003 -5.796 27.665 -0.003 -5.289 
3 16 21.927 -0.003 -5.796 25.636 0.001 -3.374 27.665 -0.003 -5.289 
3 16 27.665 -0.003 -5.289 25.636 0.001 -3.374 28.766 0 2.537 
3 16 26.025 -0.003 2.54 28.766 0 2.537 25.636 0.001 -3.374 
3 16 29.082 0 8.7 28.766 0 2.537 26.025 -0.003 8.698 
3 16 26.025 -0.003 8.698 28.766 0 2.537 26.025 -0.003 2.54 
3 16 22.717 -0.001 -9.801 9.599 -0.003 -9.8 21.927 -0.003 -5.796 
3 16 9.599 -0.003 -9.8 9.072 0 -5.881 21.927 -0.003 -5.796 
3 16 29.082 0 8.7 26.025 -0.003 8.698 29.07 -0.002 16.634 
3 16 26.025 -0.002 16.632 29.07 -0.002 16.634 26.025 -0.003 8.698 
3 16 14.68 -0.003 28.568 14.314 -0.003 25.952 8.501 -0.003 25.632 
3 16 14.314 -0.003 25.952 9.557 0.018 22.823 8.501 -0.003 25.632 
3 16 28.743 0.007 20.252 26.024 -0.003 20.075 28.151 -0.023 23.088 
3 16 26.024 -0.003 20.075 26.023 -0.003 22.444 28.151 -0.023 23.088 
3 16 26.572 -0.002 27.487 28.151 -0.023 23.088 24.337 0 25.704 
3 16 28.151 -0.023 23.088 26.023 -0.003 22.444 24.337 0 25.704 
3 16 25.329 -0.003 29.469 26.572 -0.002 27.487 24.337 0 25.704 
3 16 29.07 -0.002 16.634 26.025 -0.002 16.632 28.743 0.007 20.252 
3 16 26.024 -0.003 20.075 28.743 0.007 20.252 26.025 -0.002 16.632 
3 16 21.745 -0.013 29.675 20.617 -0.002 26.028 14.68 -0.003 28.568 
3 16 20.617 -0.002 26.028 14.314 -0.003 25.952 14.68 -0.003 28.568 
3 16 25.329 -0.003 29.469 24.337 0 25.704 21.745 -0.013 29.675 
3 16 24.337 0 25.704 20.617 -0.002 26.028 21.745 -0.013 29.675 
3 16 3.989 -5.378 24.958 7.775 -5.919 28.445 5.463 -0.003 23.281 
3 16 7.775 -5.919 28.445 8.501 -0.003 25.632 5.463 -0.003 23.281 
3 16 -1.539 -15.936 21.794 3.812 -14.005 27.389 -0.086 -5.378 20.441 
3 16 -0.086 -5.378 20.441 3.812 -14.005 27.389 3.989 -5.378 24.958 
3 16 -3.902 -5.379 14.945 -2.004 -0.003 13.927 -4.654 -5.446 13.403 
3 16 -4.654 -5.446 13.403 -2.004 -0.003 13.927 -2.381 -0.003 13.206 
3 16 -5.895 -5.463 9.12 -3.504 -0.003 8.882 -6.226 -5.433 4.984 
3 16 -6.226 -5.433 4.984 -3.504 -0.003 8.882 -3.135 -0.003 6.534 
3 16 -2.381 -0.003 13.206 -3.504 -0.003 8.882 -4.654 -5.446 13.403 
3 16 -3.504 -0.003 8.882 -5.895 -5.463 9.12 -4.654 -5.446 13.403 
3 16 30.486 -6.334 -1.418 28.211 -6.39 -9.8 27.665 -0.003 -5.289 
3 16 27.665 -0.003 -5.289 28.211 -6.39 -9.8 26.036 -0.003 -9.8 
3 16 30.486 -6.334 -1.418 27.665 -0.003 -5.289 28.766 0 2.537 
3 16 31.808 -6.265 8.765 30.486 -6.334 -1.418 29.082 0 8.7 
3 16 29.082 0 8.7 30.486 -6.334 -1.418 28.766 0 2.537 
3 16 31.946 -6.17 16.764 31.808 -6.265 8.765 29.07 -0.002 16.634 
3 16 29.07 -0.002 16.634 31.808 -6.265 8.765 29.082 0 8.7 
3 16 7.775 -5.919 28.445 14.805 -5.922 32.049 8.501 -0.003 25.632 
3 16 8.501 -0.003 25.632 14.805 -5.922 32.049 14.68 -0.003 28.568 
3 16 31.237 -5.992 23.654 31.725 -6.094 20 28.151 -0.023 23.088 
3 16 28.151 -0.023 23.088 31.725 -6.094 20 28.743 0.007 20.252 
3 16 29.743 -5.738 29.235 31.237 -5.992 23.654 26.572 -0.002 27.487 
3 16 26.572 -0.002 27.487 31.237 -5.992 23.654 28.151 -0.023 23.088 
3 16 28.226 -5.594 32.245 29.743 -5.738 29.235 25.329 -0.003 29.469 
3 16 26.572 -0.002 27.487 25.329 -0.003 29.469 29.743 -5.738 29.235 
3 16 29.07 -0.002 16.634 28.743 0.007 20.252 31.946 -6.17 16.764 
3 16 28.743 0.007 20.252 31.725 -6.094 20 31.946 -6.17 16.764 
3 16 14.805 -5.922 32.049 23.513 -6.149 33.466 14.68 -0.003 28.568 
3 16 14.68 -0.003 28.568 23.513 -6.149 33.466 21.745 -0.013 29.675 
3 16 23.513 -6.149 33.466 28.226 -5.594 32.245 21.745 -0.013 29.675 
3 16 21.745 -0.013 29.675 28.226 -5.594 32.245 25.329 -0.003 29.469 
3 16 -6.031 -5.378 0.449 -6.226 -5.433 4.984 -5.933 -5.034 1.096 
3 16 -6.226 -5.433 4.984 -5.177 -3.352 3.121 -5.933 -5.034 1.096 
3 16 27.487 -40 -9.8 27.101 -40 9.298 -7.483 -40 -9.808 
3 16 30.486 -6.334 -1.418 31.759 -22.196 -1.746 28.211 -6.39 -9.8 
3 16 28.211 -6.39 -9.8 31.759 -22.196 -1.746 29.837 -21.872 -9.8 
3 16 -7.729 -40 -2.054 -8.535 -28.961 -1.876 -7.483 -40 -9.808 
3 16 -7.483 -40 -9.808 -8.535 -28.961 -1.876 -8.362 -28.86 -9.8 
3 16 27.487 -40 -9.8 28.363 -28.867 -9.75 27.651 -40 -1.975 
3 16 28.363 -28.867 -9.75 29.548 -29.157 -1.607 27.651 -40 -1.975 
3 16 -8.535 -28.961 -1.876 -8.734 -21.691 -1.858 -8.362 -28.86 -9.8 
3 16 -8.734 -21.691 -1.858 -8.022 -21.872 -9.8 -8.362 -28.86 -9.8 
3 16 -1.953 -5.023 -6.962 -0.986 -6.286 -9.8 -8.734 -21.691 -1.858 
3 16 -8.734 -21.691 -1.858 -0.986 -6.286 -9.8 -8.022 -21.872 -9.8 
3 16 29.724 -29.49 9.345 27.101 -40 9.298 29.548 -29.157 -1.607 
3 16 27.651 -40 -1.975 29.548 -29.157 -1.607 27.101 -40 9.298 
3 16 31.808 -6.265 8.765 32.64 -22.622 8.715 30.486 -6.334 -1.418 
3 16 30.486 -6.334 -1.418 32.64 -22.622 8.715 31.759 -22.196 -1.746 
3 16 -1.953 -5.023 -6.962 -8.734 -21.691 -1.858 -2.437 -4.392 -5.544 
3 16 -4.998 -5.378 -2.694 -2.437 -4.392 -5.544 -8.734 -21.691 -1.858 
3 16 31.237 -5.992 23.654 29.743 -5.738 29.235 35.721 -19.013 24.591 
3 16 29.743 -5.738 29.235 36.346 -18.258 29.673 35.721 -19.013 24.591 
3 16 29.743 -5.738 29.235 28.226 -5.594 32.245 36.346 -18.258 29.673 
3 16 28.226 -5.594 32.245 33.847 -19.531 35.982 36.346 -18.258 29.673 
3 16 25.348 -20.02 38.093 33.847 -19.531 35.982 23.513 -6.149 33.466 
3 16 33.847 -19.531 35.982 28.226 -5.594 32.245 23.513 -6.149 33.466 
3 16 23.513 -6.149 33.466 14.805 -5.922 32.049 25.348 -20.02 38.093 
3 16 14.805 -5.922 32.049 17.478 -17.523 36.23 25.348 -20.02 38.093 
3 16 14.805 -5.922 32.049 7.775 -5.919 28.445 17.478 -17.523 36.23 
3 16 8.723 -13.957 31.485 17.478 -17.523 36.23 7.775 -5.919 28.445 
3 16 -3.902 -5.379 14.945 -4.654 -5.446 13.403 -1.539 -15.936 21.794 
3 16 -0.086 -5.378 20.441 -3.902 -5.379 14.945 -1.539 -15.936 21.794 
3 16 -1.539 -15.936 21.794 -4.654 -5.446 13.403 -6.752 -22.544 13.947 
3 16 -8.237 -21.855 9.526 -6.752 -22.544 13.947 -5.895 -5.463 9.12 
3 16 -4.654 -5.446 13.403 -5.895 -5.463 9.12 -6.752 -22.544 13.947 
3 16 9.741 -16.955 22.839 6.882 -16.92 21.434 9.557 0.018 22.823 
3 16 6.882 -16.92 21.434 6.803 -0.003 21.559 9.557 0.018 22.823 
3 16 3.812 -14.005 27.389 8.723 -13.957 31.485 3.989 -5.378 24.958 
3 16 8.723 -13.957 31.485 7.775 -5.919 28.445 3.989 -5.378 24.958 
3 16 31.946 -6.17 16.764 33.892 -19.389 16.752 31.808 -6.265 8.765 
3 16 32.64 -22.622 8.715 31.808 -6.265 8.765 33.892 -19.389 16.752 
3 16 31.725 -6.094 20 31.237 -5.992 23.654 34.493 -19.279 20.68 
3 16 31.237 -5.992 23.654 35.721 -19.013 24.591 34.493 -19.279 20.68 
3 16 34.493 -19.279 20.68 33.892 -19.389 16.752 31.725 -6.094 20 
3 16 31.725 -6.094 20 33.892 -19.389 16.752 31.946 -6.17 16.764 
3 16 33.892 -19.389 16.752 33.426 -20.671 16.763 32.64 -22.622 8.715 
3 16 33.426 -20.671 16.763 31.933 -24.38 11.146 32.64 -22.622 8.715 
3 16 33.426 -20.671 16.763 33.892 -19.389 16.752 34.271 -20.352 20.716 
3 16 34.493 -19.279 20.68 34.271 -20.352 20.716 33.892 -19.389 16.752 
3 16 57.911 -20.773 21.338 58.182 -22.792 22.851 54.69 -21.855 22.354 
3 16 58.182 -22.792 22.851 55.516 -23.234 23.258 54.69 -21.855 22.354 
3 16 58.636 -22.906 22.946 58.182 -22.792 22.851 57.911 -20.773 21.338 
3 16 59.704 -26.586 26.719 53.921 -33.004 31.921 56.487 -26.679 26.005 
3 16 53.921 -33.004 31.921 52.228 -29.422 28.295 56.487 -26.679 26.005 
3 16 65.266 -14.713 18.057 64.855 -16.904 19.115 60.027 -17.466 19.033 
3 16 58.422 -20.336 21.009 63.053 -21.112 22.228 57.911 -20.773 21.338 
3 16 59.559 -17.712 19.236 57.844 -20.154 20.913 55.979 -18.526 20.184 
3 16 58.874 -12.267 21.145 59.129 -14.436 18.086 54.569 -13.222 21.943 
3 16 54.828 -15.158 19.026 54.569 -13.222 21.943 59.129 -14.436 18.086 
3 16 59.129 -14.436 18.086 59.453 -17.103 18.917 54.828 -15.158 19.026 
3 16 59.453 -17.103 18.917 55.617 -17.367 19.628 54.828 -15.158 19.026 
3 16 49.676 -30.724 29.576 52.228 -29.422 28.295 53.921 -33.004 31.921 
3 16 58.874 -12.267 21.145 66.063 -12.756 22.006 59.129 -14.436 18.086 
3 16 59.129 -14.436 18.086 66.063 -12.756 22.006 65.266 -14.713 18.057 
3 16 60.027 -17.466 19.033 59.453 -17.103 18.917 65.266 -14.713 18.057 
3 16 59.453 -17.103 18.917 59.129 -14.436 18.086 65.266 -14.713 18.057 
3 16 56.552 -26.493 25.849 56.243 -26.468 25.808 56.162 -24.212 23.936 
3 16 49.676 -30.724 29.576 51.717 -29.212 28.188 52.228 -29.422 28.295 
3 16 37.825 -19.439 29.236 38.969 -19.824 28.816 36.65 -21.267 24.945 
3 16 38.969 -19.824 28.816 38.228 -22.041 25.517 36.65 -21.267 24.945 
3 16 36.346 -18.258 29.673 37.825 -19.439 29.236 35.721 -19.013 24.591 
3 16 37.825 -19.439 29.236 36.65 -21.267 24.945 35.721 -19.013 24.591 
3 16 37.825 -19.439 29.236 36.346 -18.258 29.673 35.06 -21.944 36.222 
3 16 35.06 -21.944 36.222 36.346 -18.258 29.673 33.847 -19.531 35.982 
3 16 38.228 -22.041 25.517 38.969 -19.824 28.816 39.477 -21.58 25.698 
3 16 39.477 -21.58 25.698 38.969 -19.824 28.816 40.219 -19.813 28.482 
3 16 51.958 -27.923 35.038 57.517 -30.908 36.088 55.549 -27.154 33.59 
3 16 62.296 -14.362 23.169 57.463 -15.984 24.35 62.068 -16.259 24.692 
3 16 58.62 -17.155 25.172 62.068 -16.259 24.692 57.463 -15.984 24.35 
3 16 57.677 -21.801 29.213 52.261 -25.114 31.991 58.804 -23.448 30.664 
3 16 58.804 -23.448 30.664 52.261 -25.114 31.991 54.017 -26.397 32.993 
3 16 62.375 -23.978 29.987 59.129 -23.956 31.063 57.517 -30.908 36.088 
3 16 57.517 -30.908 36.088 59.129 -23.956 31.063 55.549 -27.154 33.59 
3 16 66.063 -12.756 22.006 63.077 -13.99 22.945 66.587 -14.664 23.145 
3 16 62.296 -14.362 23.169 62.937 -16.29 24.804 63.077 -13.99 22.945 
3 16 65.309 -18.452 25.817 66.587 -14.664 23.145 62.937 -16.29 24.804 
3 16 63.077 -13.99 22.945 62.937 -16.29 24.804 66.587 -14.664 23.145 
3 16 58.804 -23.448 30.664 59.77 -23.353 30.647 61.027 -20.116 27.942 
3 16 64.256 -20.754 27.519 61.027 -20.116 27.942 59.77 -23.353 30.647 
3 16 59.129 -23.956 31.063 62.375 -23.978 29.987 59.77 -23.353 30.647 
3 16 59.77 -23.353 30.647 62.375 -23.978 29.987 64.256 -20.754 27.519 
3 16 55.812 -19.381 27.135 48.89 -23.006 30.388 56.853 -20.769 28.271 
3 16 51.047 -24.319 31.376 56.853 -20.769 28.271 48.89 -23.006 30.388 
3 16 47.954 -22.706 30.135 48.89 -23.006 30.388 55.363 -19.018 26.299 
3 16 55.363 -19.018 26.299 48.89 -23.006 30.388 55.812 -19.381 27.135 
3 16 47.954 -22.706 30.135 55.363 -19.018 26.299 47.576 -21.958 29.644 
3 16 47.576 -21.958 29.644 55.363 -19.018 26.299 54.971 -18.317 26.179 
3 16 46.106 -21.296 29.294 47.576 -21.958 29.644 54.147 -17.162 25.434 
3 16 47.576 -21.958 29.644 54.971 -18.317 26.179 54.147 -17.162 25.434 
3 16 45.131 -20.844 28.932 46.106 -21.296 29.294 53.415 -16.902 24.598 
3 16 53.415 -16.902 24.598 46.106 -21.296 29.294 54.147 -17.162 25.434 
3 16 59.41 -17.843 25.885 55.812 -19.381 27.135 60.397 -19.612 27.415 
3 16 56.853 -20.769 28.271 60.397 -19.612 27.415 55.812 -19.381 27.135 
3 16 59.41 -17.843 25.885 58.749 -17.593 25.178 55.812 -19.381 27.135 
3 16 58.749 -17.593 25.178 55.363 -19.018 26.299 55.812 -19.381 27.135 
3 16 54.971 -18.317 26.179 55.363 -19.018 26.299 58.62 -17.155 25.172 
3 16 55.363 -19.018 26.299 58.749 -17.593 25.178 58.62 -17.155 25.172 
3 16 58.62 -17.155 25.172 57.463 -15.984 24.35 54.971 -18.317 26.179 
3 16 54.971 -18.317 26.179 57.463 -15.984 24.35 54.147 -17.162 25.434 
3 16 53.415 -16.902 24.598 54.147 -17.162 25.434 56.973 -15.691 23.624 
3 16 54.147 -17.162 25.434 57.463 -15.984 24.35 56.973 -15.691 23.624 
3 16 38.969 -19.824 28.816 37.825 -19.439 29.236 35.887 -23.49 36.547 
3 16 35.887 -23.49 36.547 37.825 -19.439 29.236 35.06 -21.944 36.222 
3 16 33.847 -19.531 35.982 25.348 -20.02 38.093 35.06 -21.944 36.222 
3 16 29.454 -23.351 38.335 35.06 -21.944 36.222 25.348 -20.02 38.093 
3 16 26.433 -24.612 38.379 29.454 -23.351 38.335 17.478 -17.523 36.23 
3 16 29.454 -23.351 38.335 25.348 -20.02 38.093 17.478 -17.523 36.23 
3 16 29.454 -23.351 38.335 32.63 -25.516 38.318 35.06 -21.944 36.222 
3 16 32.63 -25.516 38.318 35.887 -23.49 36.547 35.06 -21.944 36.222 
3 16 26.433 -24.612 38.379 30.958 -28.19 38.784 29.454 -23.351 38.335 
3 16 30.958 -28.19 38.784 32.63 -25.516 38.318 29.454 -23.351 38.335 
3 16 26.522 -22.291 19.368 24.3 -25.558 14.297 33.426 -20.671 16.763 
3 16 24.3 -25.558 14.297 31.933 -24.38 11.146 33.426 -20.671 16.763 
3 16 33.426 -20.671 16.763 34.271 -20.352 20.716 26.522 -22.291 19.368 
3 16 26.522 -22.291 19.368 34.271 -20.352 20.716 32.114 -22.215 23.455 
3 16 34.271 -20.352 20.716 36.65 -21.267 24.945 32.114 -22.215 23.455 
3 16 -7.729 -40 -2.054 -7.483 -40 -9.808 -7.417 -40 9.162 
3 16 27.101 -40 9.298 -7.417 -40 9.162 -7.483 -40 -9.808 
3 16 32.114 -22.215 23.455 25.134 -22.244 25.401 26.522 -22.291 19.368 
3 16 -1.539 -15.936 21.794 -6.752 -22.544 13.947 10.452 -21.077 22.072 
3 16 10.452 -21.077 22.072 -6.752 -22.544 13.947 6.845 -24.8 16.156 
3 16 3.812 -14.005 27.389 -1.539 -15.936 21.794 14.402 -20.302 27.111 
3 16 14.402 -20.302 27.111 -1.539 -15.936 21.794 10.452 -21.077 22.072 
3 16 14.402 -20.302 27.111 10.452 -21.077 22.072 25.134 -22.244 25.401 
3 16 10.452 -21.077 22.072 26.522 -22.291 19.368 25.134 -22.244 25.401 
3 16 10.452 -21.077 22.072 6.845 -24.8 16.156 26.522 -22.291 19.368 
3 16 6.845 -24.8 16.156 24.3 -25.558 14.297 26.522 -22.291 19.368 
3 16 14.402 -20.302 27.111 14.851 -18.62 33.347 3.812 -14.005 27.389 
3 16 14.851 -18.62 33.347 8.723 -13.957 31.485 3.812 -14.005 27.389 
3 16 8.723 -13.957 31.485 14.851 -18.62 33.347 17.478 -17.523 36.23 
3 16 25.509 -26.057 34.511 26.433 -24.612 38.379 14.851 -18.62 33.347 
3 16 26.433 -24.612 38.379 17.478 -17.523 36.23 14.851 -18.62 33.347 
3 16 26.433 -24.612 38.379 25.509 -26.057 34.511 30.958 -28.19 38.784 
3 16 25.509 -26.057 34.511 29.963 -29.591 35.342 30.958 -28.19 38.784 
3 16 62.371 -16.856 25.157 62.039 -19.368 27.372 65.309 -18.452 25.817 
3 16 62.039 -19.368 27.372 64.256 -20.754 27.519 65.309 -18.452 25.817 
3 16 62.371 -16.856 25.157 65.309 -18.452 25.817 62.937 -16.29 24.804 
3 16 53.921 -33.004 31.921 49.227 -31.359 29.556 49.676 -30.724 29.576 
3 16 46.966 -29.081 28.469 46.517 -29.72 28.435 44.104 -26.822 27.359 
3 16 46.517 -29.72 28.435 43.649 -27.43 27.419 44.104 -26.822 27.359 
3 16 44.104 -26.822 27.359 43.649 -27.43 27.419 41.424 -24.402 26.423 
3 16 43.649 -27.43 27.419 40.973 -24.98 26.561 41.424 -24.402 26.423 
3 16 40.973 -24.98 26.561 38.228 -22.041 25.517 41.424 -24.402 26.423 
3 16 38.228 -22.041 25.517 39.477 -21.58 25.698 41.424 -24.402 26.423 
3 16 49.676 -30.724 29.576 49.227 -31.359 29.556 46.966 -29.081 28.469 
3 16 49.227 -31.359 29.556 46.517 -29.72 28.435 46.966 -29.081 28.469 
3 16 53.674 -50.787 49.158 53.72 -52.905 45.954 58.968 -51.296 49.376 
3 16 57.773 -53.521 46.29 58.968 -51.296 49.376 53.72 -52.905 45.954 
3 16 60.071 -49.426 48.002 58.968 -51.296 49.376 57.868 -52.037 44.925 
3 16 57.868 -52.037 44.925 58.968 -51.296 49.376 57.773 -53.521 46.29 
3 16 57.782 -48.806 42.766 60.253 -46.016 45.801 57.868 -52.037 44.925 
3 16 60.253 -46.016 45.801 60.071 -49.426 48.002 57.868 -52.037 44.925 
3 16 57.782 -48.806 42.766 56.906 -44.567 40.164 60.253 -46.016 45.801 
3 16 56.906 -44.567 40.164 59.768 -42.05 43.312 60.253 -46.016 45.801 
3 16 55.393 -40.35 37.446 58.873 -37.986 41.024 56.906 -44.567 40.164 
3 16 58.873 -37.986 41.024 59.768 -42.05 43.312 56.906 -44.567 40.164 
3 16 53.756 -34.384 33.295 57.517 -30.908 36.088 55.393 -40.35 37.446 
3 16 58.873 -37.986 41.024 55.393 -40.35 37.446 57.517 -30.908 36.088 
3 16 42.815 -44.549 46.775 36.476 -34.396 40.789 41.831 -46.22 43.017 
3 16 36.361 -38.117 38.177 41.831 -46.22 43.017 36.476 -34.396 40.789 
3 16 46.543 -50.045 44.849 46.789 -47.951 48.068 41.831 -46.22 43.017 
3 16 42.815 -44.549 46.775 41.831 -46.22 43.017 46.789 -47.951 48.068 
3 16 46.543 -50.045 44.849 53.72 -52.905 45.954 46.789 -47.951 48.068 
3 16 46.789 -47.951 48.068 53.72 -52.905 45.954 53.674 -50.787 49.158 
3 16 36.476 -34.396 40.789 33.758 -30.358 39.057 34.538 -34.721 36.511 
3 16 33.758 -30.358 39.057 32.465 -31.968 35.827 34.538 -34.721 36.511 
3 16 36.476 -34.396 40.789 34.538 -34.721 36.511 36.361 -38.117 38.177 
3 16 31.363 -30.87 35.646 32.465 -31.968 35.827 32.874 -29.753 38.939 
3 16 33.758 -30.358 39.057 32.874 -29.753 38.939 32.465 -31.968 35.827 
3 16 54.063 -41.168 37.52 52.996 -40.172 36.936 54.014 -40.889 37.345 
3 16 52.996 -40.172 36.936 53.478 -40.005 36.689 54.014 -40.889 37.345 
3 16 51.203 -35.059 32.517 53.756 -34.384 33.295 51.217 -35.368 33.179 
3 16 56.242 -47.691 47.784 55.581 -47.806 47.93 58.968 -51.296 49.376 
3 16 58.968 -51.296 49.376 55.581 -47.806 47.93 53.674 -50.787 49.158 
3 16 46.789 -47.951 48.068 48.64 -47.038 48.037 42.815 -44.549 46.775 
3 16 44.678 -43.889 46.778 42.815 -44.549 46.775 48.64 -47.038 48.037 
3 16 36.361 -38.117 38.177 39.286 -38.855 36.606 41.831 -46.22 43.017 
3 16 44.536 -45.989 41.126 41.831 -46.22 43.017 39.286 -38.855 36.606 
3 16 41.831 -46.22 43.017 44.536 -45.989 41.126 46.543 -50.045 44.849 
3 16 47.865 -48.636 42.579 46.543 -50.045 44.849 44.536 -45.989 41.126 
3 16 38.441 -36.498 34.905 39.878 -38.693 36.32 39.286 -38.855 36.606 
3 16 38.441 -36.498 34.905 43.291 -36.913 33.779 40.625 -38.737 35.983 
3 16 43.291 -36.913 33.779 43.303 -38.853 35.428 40.625 -38.737 35.983 
3 16 40.625 -38.737 35.983 43.303 -38.853 35.428 45.417 -45.332 40.338 
3 16 45.417 -45.332 40.338 43.303 -38.853 35.428 47.003 -43.984 39.028 
3 16 43.291 -36.913 33.779 44.794 -38.483 34.938 44.01 -38.507 35.098 
3 16 44.01 -38.507 35.098 44.794 -38.483 34.938 47.601 -43.474 38.971 
3 16 44.794 -38.483 34.938 48.111 -43.323 38.345 47.601 -43.474 38.971 
3 16 50.628 -45.873 40.581 47.601 -43.474 38.971 51.059 -45.682 39.888 
3 16 47.601 -43.474 38.971 48.111 -43.323 38.345 51.059 -45.682 39.888 
3 16 50.628 -45.873 40.581 51.059 -45.682 39.888 54.452 -48.15 41.812 
3 16 51.059 -45.682 39.888 54.678 -47.92 41.519 54.452 -48.15 41.812 
3 16 54.452 -48.15 41.812 54.678 -47.92 41.519 55.239 -48.478 41.958 
3 16 43.018 -36.574 33.014 47.3 -36.056 32.511 43.291 -36.913 33.779 
3 16 47.415 -36.296 33.219 43.291 -36.913 33.779 47.3 -36.056 32.511 
3 16 43.291 -36.913 33.779 47.415 -36.296 33.219 44.794 -38.483 34.938 
3 16 44.794 -38.483 34.938 47.415 -36.296 33.219 47.201 -38.393 34.804 
3 16 44.794 -38.483 34.938 47.201 -38.393 34.804 48.111 -43.323 38.345 
3 16 48.111 -43.323 38.345 47.201 -38.393 34.804 49.564 -42.027 37.362 
3 16 47.415 -36.296 33.219 48.465 -37.971 34.565 47.68 -37.932 34.479 
3 16 47.3 -36.056 32.511 51.203 -35.059 32.517 47.415 -36.296 33.219 
3 16 51.217 -35.368 33.179 47.415 -36.296 33.219 51.203 -35.059 32.517 
3 16 52.813 -43.739 39.077 50.08 -41.38 37.413 53.119 -43.429 38.625 
3 16 50.578 -41.111 36.827 53.119 -43.429 38.625 50.08 -41.38 37.413 
3 16 51.217 -35.368 33.179 51.715 -37.24 34.544 51.117 -37.34 34.567 
3 16 52.104 -34.057 39.418 54.977 -37.309 41.561 52.803 -33.91 39.163 
3 16 55.44 -37.245 41.149 52.803 -33.91 39.163 54.977 -37.309 41.561 
3 16 48.592 -34.458 40.07 52.495 -39.077 43.007 49.411 -34.231 39.771 
3 16 53.147 -38.836 42.258 49.411 -34.231 39.771 52.495 -39.077 43.007 
3 16 46.614 -34.927 40.596 51.137 -40.424 43.918 48.592 -34.458 40.07 
3 16 52.495 -39.077 43.007 48.592 -34.458 40.07 51.137 -40.424 43.918 
3 16 49.593 -41.088 44.524 53.045 -43.454 45.631 50.306 -40.98 43.854 
3 16 50.306 -40.98 43.854 53.045 -43.454 45.631 53.57 -43.294 45.083 
3 16 44.962 -35.188 41.028 49.593 -41.088 44.524 45.853 -35.111 40.804 
3 16 50.306 -40.98 43.854 45.853 -35.111 40.804 49.593 -41.088 44.524 
3 16 42.442 -35.294 41.391 47.872 -42.312 45.469 44.962 -35.188 41.028 
3 16 44.962 -35.188 41.028 47.872 -42.312 45.469 49.593 -41.088 44.524 
3 16 51.634 -45.366 46.802 47.872 -42.312 45.469 50.955 -45.941 46.77 
3 16 47.872 -42.312 45.469 47.166 -43.042 45.357 50.955 -45.941 46.77 
3 16 46.529 -43.457 46.275 50.478 -46.325 47.477 47.166 -43.042 45.357 
3 16 50.955 -45.941 46.77 47.166 -43.042 45.357 50.478 -46.325 47.477 
3 16 44.536 -45.989 41.126 39.286 -38.855 36.606 45.108 -45.38 41.136 
3 16 45.108 -45.38 41.136 39.286 -38.855 36.606 39.878 -38.693 36.32 
3 16 47.865 -48.636 42.579 44.536 -45.989 41.126 48.246 -47.847 42.535 
3 16 48.246 -47.847 42.535 44.536 -45.989 41.126 45.108 -45.38 41.136 
3 16 53.843 -51.174 43.852 47.865 -48.636 42.579 53.972 -50.871 43.673 
3 16 47.865 -48.636 42.579 48.246 -47.847 42.535 53.972 -50.871 43.673 
3 16 48.41 -47.7 41.678 54.172 -50.66 43.468 48.246 -47.847 42.535 
3 16 54.172 -50.66 43.468 53.972 -50.871 43.673 48.246 -47.847 42.535 
3 16 48.246 -47.847 42.535 45.108 -45.38 41.136 48.41 -47.7 41.678 
3 16 45.417 -45.332 40.338 48.41 -47.7 41.678 45.108 -45.38 41.136 
3 16 39.878 -38.693 36.32 40.625 -38.737 35.983 45.108 -45.38 41.136 
3 16 45.417 -45.332 40.338 45.108 -45.38 41.136 40.625 -38.737 35.983 
3 16 43.291 -36.913 33.779 44.01 -38.507 35.098 43.303 -38.853 35.428 
3 16 47.003 -43.984 39.028 43.303 -38.853 35.428 47.601 -43.474 38.971 
3 16 43.303 -38.853 35.428 44.01 -38.507 35.098 47.601 -43.474 38.971 
3 16 47.003 -43.984 39.028 47.601 -43.474 38.971 50.001 -46.422 40.63 
3 16 47.601 -43.474 38.971 50.628 -45.873 40.581 50.001 -46.422 40.63 
3 16 50.001 -46.422 40.63 50.628 -45.873 40.581 54.345 -48.611 41.953 
3 16 54.452 -48.15 41.812 54.345 -48.611 41.953 50.628 -45.873 40.581 
3 16 47.68 -37.932 34.479 48.465 -37.971 34.565 50.08 -41.38 37.413 
3 16 50.08 -41.38 37.413 48.465 -37.971 34.565 50.578 -41.111 36.827 
3 16 54.774 -45.03 39.859 52.813 -43.739 39.077 54.56 -44.63 39.587 
3 16 52.813 -43.739 39.077 53.119 -43.429 38.625 54.56 -44.63 39.587 
3 16 47.68 -37.932 34.479 50.08 -41.38 37.413 47.201 -38.393 34.804 
3 16 49.564 -42.027 37.362 47.201 -38.393 34.804 50.08 -41.38 37.413 
3 16 52.5 -44.26 39.083 49.564 -42.027 37.362 52.813 -43.739 39.077 
3 16 50.08 -41.38 37.413 52.813 -43.739 39.077 49.564 -42.027 37.362 
3 16 51.117 -37.34 34.567 51.715 -37.24 34.544 52.996 -40.172 36.936 
3 16 51.715 -37.24 34.544 53.478 -40.005 36.689 52.996 -40.172 36.936 
3 16 54.841 -51.139 43.837 53.972 -50.871 43.673 54.172 -50.66 43.468 
3 16 38.441 -36.498 34.905 40.625 -38.737 35.983 39.878 -38.693 36.32 
3 16 51.217 -35.368 33.179 51.117 -37.34 34.567 50.624 -37.652 34.591 
3 16 50.624 -37.652 34.591 51.117 -37.34 34.567 52.581 -40.542 36.806 
3 16 52.581 -40.542 36.806 51.117 -37.34 34.567 52.996 -40.172 36.936 
3 16 56.764 -41.056 43.658 56.57 -37.99 41.807 53.843 -38.107 42.237 
3 16 56.57 -37.99 41.807 54.977 -37.309 41.561 53.843 -38.107 42.237 
3 16 52.495 -39.077 43.007 56.764 -41.056 43.658 53.147 -38.836 42.258 
3 16 55.44 -37.245 41.149 54.977 -37.309 41.561 56.57 -37.99 41.807 
3 16 46.529 -43.457 46.275 47.166 -43.042 45.357 40.663 -35.801 41.906 
3 16 41.505 -35.474 41.572 40.663 -35.801 41.906 47.166 -43.042 45.357 
3 16 41.505 -35.474 41.572 47.166 -43.042 45.357 42.442 -35.294 41.391 
3 16 47.872 -42.312 45.469 42.442 -35.294 41.391 47.166 -43.042 45.357 
3 16 55.581 -47.806 47.93 56.242 -47.691 47.784 50.478 -46.325 47.477 
3 16 56.242 -47.691 47.784 50.955 -45.941 46.77 50.478 -46.325 47.477 
3 16 50.955 -45.941 46.77 56.242 -47.691 47.784 51.634 -45.366 46.802 
3 16 55.667 -47.304 47.667 51.634 -45.366 46.802 56.242 -47.691 47.784 
3 16 53.045 -43.454 45.631 55.97 -44.594 45.925 53.57 -43.294 45.083 
3 16 53.57 -43.294 45.083 55.97 -44.594 45.925 56.596 -44.561 45.801 
3 16 45.853 -35.111 40.804 50.306 -40.98 43.854 46.614 -34.927 40.596 
3 16 51.137 -40.424 43.918 46.614 -34.927 40.596 50.306 -40.98 43.854 
3 16 50.306 -40.98 43.854 53.57 -43.294 45.083 51.137 -40.424 43.918 
3 16 53.995 -42.725 44.969 51.137 -40.424 43.918 53.57 -43.294 45.083 
3 16 53.57 -43.294 45.083 56.596 -44.561 45.801 53.995 -42.725 44.969 
3 16 56.054 -44.085 45.559 53.995 -42.725 44.969 56.596 -44.561 45.801 
3 16 49.411 -34.231 39.771 53.147 -38.836 42.258 50.25 -34.003 39.55 
3 16 53.843 -38.107 42.237 50.25 -34.003 39.55 53.147 -38.836 42.258 
3 16 53.147 -38.836 42.258 56.764 -41.056 43.658 53.843 -38.107 42.237 
3 16 52.803 -33.91 39.163 55.44 -37.245 41.149 53.55 -33.694 38.981 
3 16 55.888 -36.894 41.196 53.55 -33.694 38.981 55.44 -37.245 41.149 
3 16 51.059 -45.682 39.888 48.111 -43.323 38.345 52.5 -44.26 39.083 
3 16 52.5 -44.26 39.083 48.111 -43.323 38.345 49.564 -42.027 37.362 
3 16 47.003 -43.984 39.028 50.001 -46.422 40.63 45.417 -45.332 40.338 
3 16 50.001 -46.422 40.63 48.41 -47.7 41.678 45.417 -45.332 40.338 
3 16 54.172 -50.66 43.468 48.41 -47.7 41.678 54.345 -48.611 41.953 
3 16 48.41 -47.7 41.678 50.001 -46.422 40.63 54.345 -48.611 41.953 
3 16 51.634 -45.366 46.802 53.045 -43.454 45.631 47.872 -42.312 45.469 
3 16 49.593 -41.088 44.524 47.872 -42.312 45.469 53.045 -43.454 45.631 
3 16 56.764 -41.056 43.658 52.495 -39.077 43.007 53.995 -42.725 44.969 
3 16 52.495 -39.077 43.007 51.137 -40.424 43.918 53.995 -42.725 44.969 
3 16 46.543 -50.045 44.849 47.865 -48.636 42.579 53.72 -52.905 45.954 
3 16 53.843 -51.174 43.852 53.72 -52.905 45.954 47.865 -48.636 42.579 
3 16 50.25 -34.003 39.55 53.843 -38.107 42.237 52.104 -34.057 39.418 
3 16 54.977 -37.309 41.561 52.104 -34.057 39.418 53.843 -38.107 42.237 
3 16 38.978 -35.921 42.077 35.826 -28.836 38.755 36.476 -34.396 40.789 
3 16 35.826 -28.836 38.755 33.758 -30.358 39.057 36.476 -34.396 40.789 
3 16 35.094 -27.856 38.537 32.874 -29.753 38.939 35.826 -28.836 38.755 
3 16 35.826 -28.836 38.755 32.874 -29.753 38.939 33.758 -30.358 39.057 
3 16 43.018 -36.574 33.014 43.291 -36.913 33.779 37.966 -35.961 34.091 
3 16 37.966 -35.961 34.091 43.291 -36.913 33.779 38.441 -36.498 34.905 
3 16 38.228 -22.041 25.517 32.465 -31.968 35.827 31.363 -30.87 35.646 
3 16 55.667 -47.304 47.667 55.97 -44.594 45.925 51.634 -45.366 46.802 
3 16 55.97 -44.594 45.925 53.045 -43.454 45.631 51.634 -45.366 46.802 
3 16 56.764 -41.056 43.658 58.873 -37.986 41.024 56.57 -37.99 41.807 
3 16 48.64 -47.038 48.037 46.789 -47.951 48.068 53.674 -50.787 49.158 
3 16 60.071 -49.426 48.002 55.97 -44.594 45.925 56.242 -47.691 47.784 
3 16 56.596 -44.561 45.801 55.97 -44.594 45.925 60.253 -46.016 45.801 
3 16 56.054 -44.085 45.559 56.596 -44.561 45.801 60.253 -46.016 45.801 
3 16 58.873 -37.986 41.024 56.764 -41.056 43.658 59.768 -42.05 43.312 
3 16 58.873 -37.986 41.024 55.888 -36.894 41.196 56.57 -37.99 41.807 
3 16 54.345 -48.611 41.953 54.841 -51.139 43.837 54.172 -50.66 43.468 
3 16 57.782 -48.806 42.766 54.678 -47.92 41.519 56.906 -44.567 40.164 
3 16 54.678 -47.92 41.519 54.774 -45.03 39.859 56.906 -44.567 40.164 
3 16 55.393 -40.35 37.446 54.014 -40.889 37.345 53.478 -40.005 36.689 
3 16 51.217 -35.368 33.179 50.624 -37.652 34.591 47.415 -36.296 33.219 
3 16 48.465 -37.971 34.565 47.415 -36.296 33.219 50.624 -37.652 34.591 
3 16 50.578 -41.111 36.827 52.581 -40.542 36.806 53.119 -43.429 38.625 
3 16 53.119 -43.429 38.625 52.581 -40.542 36.806 53.762 -41.101 37.413 
3 16 57.517 -30.908 36.088 53.55 -33.694 38.981 58.873 -37.986 41.024 
3 16 53.55 -33.694 38.981 55.888 -36.894 41.196 58.873 -37.986 41.024 
3 16 55.393 -40.35 37.446 53.478 -40.005 36.689 53.756 -34.384 33.295 
3 16 53.478 -40.005 36.689 51.715 -37.24 34.544 53.756 -34.384 33.295 
3 16 41.887 -21.924 30.992 38.351 -26.48 37.296 44.969 -24.154 32.755 
3 16 44.962 -35.188 41.028 44.969 -24.154 32.755 42.442 -35.294 41.391 
3 16 44.969 -24.154 32.755 38.351 -26.48 37.296 42.442 -35.294 41.391 
3 16 44.969 -24.154 32.755 46.614 -34.927 40.596 49.141 -26.548 34.462 
3 16 46.614 -34.927 40.596 48.592 -34.458 40.07 49.141 -26.548 34.462 
3 16 49.141 -26.548 34.462 50.25 -34.003 39.55 51.958 -27.923 35.038 
3 16 50.25 -34.003 39.55 52.104 -34.057 39.418 51.958 -27.923 35.038 
3 16 51.958 -27.923 35.038 53.55 -33.694 38.981 57.517 -30.908 36.088 
3 16 54.678 -47.92 41.519 51.059 -45.682 39.888 54.323 -45.053 39.79 
3 16 51.059 -45.682 39.888 52.5 -44.26 39.083 54.323 -45.053 39.79 
3 16 57.773 -53.521 46.29 54.841 -51.139 43.837 57.868 -52.037 44.925 
3 16 36.476 -34.396 40.789 42.815 -44.549 46.775 38.978 -35.921 42.077 
3 16 42.815 -44.549 46.775 44.678 -43.889 46.778 38.978 -35.921 42.077 
3 16 48.465 -37.971 34.565 50.624 -37.652 34.591 50.578 -41.111 36.827 
3 16 50.578 -41.111 36.827 50.624 -37.652 34.591 52.581 -40.542 36.806 
3 16 47.415 -36.296 33.219 47.68 -37.932 34.479 47.201 -38.393 34.804 
3 16 57.517 -30.908 36.088 53.756 -34.384 33.295 53.921 -33.004 31.921 
3 16 53.756 -34.384 33.295 51.203 -35.059 32.517 53.921 -33.004 31.921 
3 16 53.921 -33.004 31.921 51.203 -35.059 32.517 49.227 -31.359 29.556 
3 16 51.203 -35.059 32.517 47.3 -36.056 32.511 49.227 -31.359 29.556 
3 16 46.517 -29.72 28.435 49.227 -31.359 29.556 43.018 -36.574 33.014 
3 16 49.227 -31.359 29.556 47.3 -36.056 32.511 43.018 -36.574 33.014 
3 16 37.966 -35.961 34.091 43.649 -27.43 27.419 43.018 -36.574 33.014 
3 16 46.517 -29.72 28.435 43.018 -36.574 33.014 43.649 -27.43 27.419 
3 16 32.465 -31.968 35.827 38.228 -22.041 25.517 34.661 -34.434 35.215 
3 16 40.973 -24.98 26.561 34.661 -34.434 35.215 38.228 -22.041 25.517 
3 16 42.442 -35.294 41.391 38.351 -26.48 37.296 41.505 -35.474 41.572 
3 16 45.853 -35.111 40.804 44.969 -24.154 32.755 44.962 -35.188 41.028 
3 16 46.614 -34.927 40.596 44.969 -24.154 32.755 45.853 -35.111 40.804 
3 16 49.141 -26.548 34.462 48.592 -34.458 40.07 49.411 -34.231 39.771 
3 16 51.958 -27.923 35.038 52.803 -33.91 39.163 53.55 -33.694 38.981 
3 16 51.958 -27.923 35.038 52.104 -34.057 39.418 52.803 -33.91 39.163 
3 16 49.141 -26.548 34.462 49.411 -34.231 39.771 50.25 -34.003 39.55 
3 16 41.505 -35.474 41.572 38.351 -26.48 37.296 40.663 -35.801 41.906 
3 16 35.826 -28.836 38.755 38.351 -26.48 37.296 35.094 -27.856 38.537 
3 16 38.351 -26.48 37.296 37.439 -25.574 36.992 35.094 -27.856 38.537 
3 16 38.351 -26.48 37.296 35.826 -28.836 38.755 40.663 -35.801 41.906 
3 16 35.826 -28.836 38.755 38.978 -35.921 42.077 40.663 -35.801 41.906 
3 16 38.978 -35.921 42.077 44.678 -43.889 46.778 40.663 -35.801 41.906 
3 16 44.678 -43.889 46.778 46.529 -43.457 46.275 40.663 -35.801 41.906 
3 16 48.64 -47.038 48.037 50.478 -46.325 47.477 44.678 -43.889 46.778 
3 16 46.529 -43.457 46.275 44.678 -43.889 46.778 50.478 -46.325 47.477 
3 16 60.071 -49.426 48.002 56.242 -47.691 47.784 58.968 -51.296 49.376 
3 16 9.599 -0.003 -9.8 -0.986 -6.286 -9.8 4.786 -0.003 -6.184 
3 16 -0.986 -6.286 -9.8 -1.953 -5.023 -6.962 4.786 -0.003 -6.184 
3 16 -6.226 -5.433 4.984 -6.031 -5.378 0.449 -8.734 -21.691 -1.858 
3 16 -8.734 -21.691 -1.858 -6.031 -5.378 0.449 -4.998 -5.378 -2.694 
3 16 -8.734 -21.691 -1.858 -8.237 -21.855 9.526 -6.226 -5.433 4.984 
3 16 -8.237 -21.855 9.526 -5.895 -5.463 9.12 -6.226 -5.433 4.984 
3 16 -8.734 -21.691 -1.858 -8.535 -28.961 -1.876 -8.237 -21.855 9.526 
3 16 -8.043 -28.861 9.316 -8.237 -21.855 9.526 -8.535 -28.961 -1.876 
3 16 -7.417 -40 9.162 -8.043 -28.861 9.316 -7.729 -40 -2.054 
3 16 -8.043 -28.861 9.316 -8.535 -28.961 -1.876 -7.729 -40 -2.054 
3 16 27.487 -40 -9.8 27.651 -40 -1.975 27.101 -40 9.298 
3 16 31.759 -22.196 -1.746 29.548 -29.157 -1.607 29.837 -21.872 -9.8 
3 16 29.837 -21.872 -9.8 29.548 -29.157 -1.607 28.363 -28.867 -9.75 
3 16 29.548 -29.157 -1.607 31.759 -22.196 -1.746 31.933 -24.38 11.146 
3 16 31.759 -22.196 -1.746 32.64 -22.622 8.715 31.933 -24.38 11.146 
3 16 31.933 -24.38 11.146 29.724 -29.49 9.345 29.548 -29.157 -1.607 
3 16 -8.043 -28.861 9.316 -6.752 -22.544 13.947 -8.237 -21.855 9.526 
3 16 -6.226 -5.433 4.984 -3.135 -0.003 6.534 -5.177 -3.352 3.121 
3 16 -3.135 -0.003 6.534 -2.896 -0.003 5.317 -5.177 -3.352 3.121 
3 16 3.989 -5.378 24.958 6.302 -5.378 21.833 4.617 -5.378 21.918 
3 16 8.501 -0.003 25.632 9.557 0.018 22.823 5.463 -0.003 23.281 
3 16 9.557 0.018 22.823 6.803 -0.003 21.559 5.463 -0.003 23.281 
3 16 3.438 -0.003 -5 4.786 -0.003 -6.184 0.523 -2.369 -5.848 
3 16 4.786 -0.003 -6.184 -1.953 -5.023 -6.962 0.523 -2.369 -5.848 
3 16 -1.953 -5.023 -6.962 -2.437 -4.392 -5.544 0.523 -2.369 -5.848 
3 16 48.64 -47.038 48.037 53.674 -50.787 49.158 50.478 -46.325 47.477 
3 16 50.478 -46.325 47.477 53.674 -50.787 49.158 55.581 -47.806 47.93 
3 16 55.888 -36.894 41.196 55.44 -37.245 41.149 56.57 -37.99 41.807 
3 16 34.538 -34.721 36.511 34.661 -34.434 35.215 38.441 -36.498 34.905 
3 16 34.661 -34.434 35.215 37.966 -35.961 34.091 38.441 -36.498 34.905 
3 16 54.841 -51.139 43.837 53.843 -51.174 43.852 53.972 -50.871 43.673 
3 16 54.345 -48.611 41.953 54.452 -48.15 41.812 55.239 -48.478 41.958 
3 16 54.774 -45.03 39.859 54.323 -45.053 39.79 52.813 -43.739 39.077 
3 16 52.5 -44.26 39.083 52.813 -43.739 39.077 54.323 -45.053 39.79 
3 16 54.063 -41.168 37.52 53.762 -41.101 37.413 52.996 -40.172 36.936 
3 16 53.762 -41.101 37.413 52.581 -40.542 36.806 52.996 -40.172 36.936 
3 16 38.441 -36.498 34.905 39.286 -38.855 36.606 34.538 -34.721 36.511 
3 16 34.538 -34.721 36.511 39.286 -38.855 36.606 36.361 -38.117 38.177 
3 16 40.219 -19.813 28.482 37.439 -25.574 36.992 38.351 -26.48 37.296 
3 16 32.114 -22.215 23.455 29.963 -29.591 35.342 25.134 -22.244 25.401 
3 16 29.963 -29.591 35.342 25.509 -26.057 34.511 25.134 -22.244 25.401 
3 16 14.851 -18.62 33.347 14.402 -20.302 27.111 25.509 -26.057 34.511 
3 16 14.402 -20.302 27.111 25.134 -22.244 25.401 25.509 -26.057 34.511 
3 16 32.874 -29.753 38.939 30.958 -28.19 38.784 31.363 -30.87 35.646 
3 16 30.958 -28.19 38.784 29.963 -29.591 35.342 31.363 -30.87 35.646 
3 16 35.094 -27.856 38.537 32.63 -25.516 38.318 32.874 -29.753 38.939 
3 16 32.63 -25.516 38.318 30.958 -28.19 38.784 32.874 -29.753 38.939 
3 16 35.887 -23.49 36.547 32.63 -25.516 38.318 37.439 -25.574 36.992 
3 16 37.439 -25.574 36.992 32.63 -25.516 38.318 35.094 -27.856 38.537 
3 16 37.439 -25.574 36.992 40.219 -19.813 28.482 35.887 -23.49 36.547 
3 16 40.219 -19.813 28.482 38.969 -19.824 28.816 35.887 -23.49 36.547 
3 16 -0.563 -29.745 8.817 0.359 -18.888 16.437 5.242 -29.74 8.944 
3 16 0.359 -18.888 16.437 5.526 -19.954 16.861 5.242 -29.74 8.944 
3 16 -1.758 -5.381 4.297 -1.344 -36.953 4.212 -4.023 -5.378 2.164 
3 16 -1.344 -36.953 4.212 -3.782 -36.953 2.035 -4.023 -5.378 2.164 
3 16 -4.327 -36.953 0.299 -4.602 -5.378 0.318 -3.782 -36.953 2.035 
3 16 -4.023 -5.378 2.164 -3.782 -36.953 2.035 -4.602 -5.378 0.318 
3 16 -3.662 -36.953 -1.987 -3.895 -5.378 -2.112 -4.327 -36.953 0.299 
3 16 -4.602 -5.378 0.318 -4.327 -36.953 0.299 -3.895 -5.378 -2.112 
3 16 -1.543 -36.953 -4.015 -1.642 -5.378 -4.27 -3.662 -36.953 -1.987 
3 16 -3.895 -5.378 -2.112 -3.662 -36.953 -1.987 -1.642 -5.378 -4.27 
3 16 1.39 -36.953 -3.944 1.477 -5.378 -4.194 -1.543 -36.953 -4.015 
3 16 -1.642 -5.378 -4.27 -1.543 -36.953 -4.015 1.477 -5.378 -4.194 
3 16 4.016 -36.979 -2.306 4.15 -5.378 -2.696 1.39 -36.953 -3.944 
3 16 1.39 -36.953 -3.944 4.15 -5.378 -2.696 1.477 -5.378 -4.194 
3 16 6.708 -36.948 -3.777 6.435 -5.378 -3.908 4.016 -36.979 -2.306 
3 16 4.016 -36.979 -2.306 6.435 -5.378 -3.908 4.15 -5.378 -2.696 
3 16 9.072 0 -5.881 6.435 -0.003 -3.908 9.159 -36.957 -5.623 
3 16 6.435 -0.003 -3.908 6.435 -5.378 -3.908 9.159 -36.957 -5.623 
3 16 6.708 -36.948 -3.777 9.159 -36.957 -5.623 6.435 -5.378 -3.908 
3 16 21.927 -0.003 -5.796 9.072 0 -5.881 21.873 -36.953 -5.547 
3 16 9.159 -36.957 -5.623 21.873 -36.953 -5.547 9.072 0 -5.881 
3 16 25.636 0.001 -3.374 21.927 -0.003 -5.796 25.408 -36.953 -3.152 
3 16 21.873 -36.953 -5.547 25.408 -36.953 -3.152 21.927 -0.003 -5.796 
3 16 25.408 -36.953 -3.152 25.818 -29.108 8.077 26.025 -0.003 2.54 
3 16 25.408 -36.953 -3.152 26.025 -0.003 2.54 25.636 0.001 -3.374 
3 16 -3.902 -5.379 14.945 -0.884 -5.377 13.362 -2.004 -0.003 13.927 
3 16 -0.884 -5.377 13.362 -0.667 -0.003 13.058 -2.004 -0.003 13.927 
3 16 -1.032 -0.003 6.555 -1.127 -5.378 6.382 -2.896 -0.003 5.317 
3 16 -2.896 -0.003 5.317 -1.127 -5.378 6.382 -3.178 -5.363 5.142 
3 16 34.271 -20.352 20.716 34.493 -19.279 20.68 36.65 -21.267 24.945 
3 16 36.65 -21.267 24.945 34.493 -19.279 20.68 35.721 -19.013 24.591 
3 16 14.435 -17.433 25.877 12.072 -18.228 20.779 9.741 -16.955 22.839 
3 16 53.756 -34.384 33.295 51.715 -37.24 34.544 51.217 -35.368 33.179 
3 16 29.963 -29.591 35.342 32.114 -22.215 23.455 31.363 -30.87 35.646 
3 16 32.114 -22.215 23.455 36.65 -21.267 24.945 31.363 -30.87 35.646 
3 16 36.65 -21.267 24.945 38.228 -22.041 25.517 31.363 -30.87 35.646 
3 16 34.661 -34.434 35.215 40.973 -24.98 26.561 37.966 -35.961 34.091 
3 16 43.649 -27.43 27.419 37.966 -35.961 34.091 40.973 -24.98 26.561 
3 16 34.661 -34.434 35.215 34.538 -34.721 36.511 32.465 -31.968 35.827 
3 16 53.843 -51.174 43.852 54.841 -51.139 43.837 53.72 -52.905 45.954 
3 16 57.773 -53.521 46.29 53.72 -52.905 45.954 54.841 -51.139 43.837 
3 16 54.678 -47.92 41.519 54.323 -45.053 39.79 54.774 -45.03 39.859 
3 16 57.868 -52.037 44.925 54.841 -51.139 43.837 57.782 -48.806 42.766 
3 16 57.782 -48.806 42.766 54.841 -51.139 43.837 55.239 -48.478 41.958 
3 16 57.782 -48.806 42.766 55.239 -48.478 41.958 54.678 -47.92 41.519 
3 16 55.239 -48.478 41.958 54.841 -51.139 43.837 54.345 -48.611 41.953 
3 16 54.56 -44.63 39.587 56.906 -44.567 40.164 54.774 -45.03 39.859 
3 16 53.119 -43.429 38.625 53.762 -41.101 37.413 54.063 -41.168 37.52 
3 16 54.014 -40.889 37.345 55.393 -40.35 37.446 54.063 -41.168 37.52 
3 16 53.119 -43.429 38.625 54.063 -41.168 37.52 55.393 -40.35 37.446 
3 16 56.906 -44.567 40.164 54.56 -44.63 39.587 55.393 -40.35 37.446 
3 16 54.56 -44.63 39.587 53.119 -43.429 38.625 55.393 -40.35 37.446 
3 16 56.242 -47.691 47.784 55.97 -44.594 45.925 55.667 -47.304 47.667 
3 16 56.054 -44.085 45.559 56.764 -41.056 43.658 53.995 -42.725 44.969 
3 16 59.768 -42.05 43.312 56.054 -44.085 45.559 60.253 -46.016 45.801 
3 16 55.97 -44.594 45.925 60.071 -49.426 48.002 60.253 -46.016 45.801 
3 16 56.054 -44.085 45.559 59.768 -42.05 43.312 56.764 -41.056 43.658 
3 16 25.408 -36.953 -3.152 25.749 -36.953 6.449 25.818 -29.108 8.077 
3 16 41.887 -21.924 30.992 40.219 -19.813 28.482 38.351 -26.48 37.296 
3 16 62.296 -14.362 23.169 62.068 -16.259 24.692 62.937 -16.29 24.804 
3 16 59.41 -17.843 25.885 60.397 -19.612 27.415 62.371 -16.856 25.157 
3 16 62.371 -16.856 25.157 60.397 -19.612 27.415 62.039 -19.368 27.372 
3 16 60.622 -19.969 27.548 62.039 -19.368 27.372 60.397 -19.612 27.415 
3 16 62.039 -19.368 27.372 60.622 -19.969 27.548 61.027 -20.116 27.942 
3 16 61.027 -20.116 27.942 57.677 -21.801 29.213 58.804 -23.448 30.664 
3 16 64.256 -20.754 27.519 62.039 -19.368 27.372 61.027 -20.116 27.942 
3 16 6.144 -40 -2.881 6.144 -40 2.881 6.144 -52 -2.881 
3 16 6.144 -40 2.881 6.144 -52 2.881 6.144 -52 -2.881 
3 16 6.144 -40 2.881 4.304 -40 4.26 6.144 -52 2.881 
3 16 4.304 -40 4.26 4.304 -52 4.26 6.144 -52 2.881 
3 16 4.304 -40 4.26 2.925 -40 6.1 4.304 -52 4.26 
3 16 2.925 -40 6.1 2.925 -52 6.1 4.304 -52 4.26 
3 16 2.925 -40 6.1 -2.837 -40 6.1 2.925 -52 6.1 
3 16 -2.837 -40 6.1 -2.837 -52 6.1 2.925 -52 6.1 
3 16 -2.837 -40 6.1 -4.216 -40 4.26 -2.837 -52 6.1 
3 16 -2.837 -52 6.1 -4.216 -40 4.26 -3.815 -52 4.691 
3 16 -4.41 -52 4.073 -3.815 -52 4.691 -6.056 -44.254 2.881 
3 16 -6.056 -44.254 2.881 -3.815 -52 4.691 -4.216 -40 4.26 
3 16 -4.216 -40 4.26 -6.056 -40 2.881 -6.056 -44.254 2.881 
3 16 -6.056 -44.254 -2.881 -6.056 -44.254 2.881 -6.056 -40 -2.881 
3 16 -6.056 -44.254 2.881 -6.056 -40 2.881 -6.056 -40 -2.881 
3 16 -4.216 -40 -4.26 -3.815 -52 -4.691 -6.056 -44.254 -2.881 
3 16 -3.815 -52 -4.691 -4.41 -52 -4.073 -6.056 -44.254 -2.881 
3 16 -6.056 -44.254 -2.881 -6.056 -40 -2.881 -4.216 -40 -4.26 
3 16 -4.216 -40 -4.26 -2.837 -40 -6.1 -3.815 -52 -4.691 
3 16 -2.837 -40 -6.1 -2.837 -52 -6.1 -3.815 -52 -4.691 
3 16 -2.837 -40 -6.1 2.925 -40 -6.1 -2.837 -52 -6.1 
3 16 2.925 -40 -6.1 2.925 -52 -6.1 -2.837 -52 -6.1 
3 16 2.925 -40 -6.1 4.304 -40 -4.26 2.925 -52 -6.1 
3 16 4.304 -40 -4.26 4.304 -52 -4.26 2.925 -52 -6.1 
3 16 4.304 -40 -4.26 6.144 -40 -2.881 4.304 -52 -4.26 
3 16 6.144 -40 -2.881 6.144 -52 -2.881 4.304 -52 -4.26 
3 16 6.144 -52 2.881 3.75 -52 0 6.144 -52 -2.881 
3 16 3.248 -52 -1.875 6.144 -52 -2.881 3.75 -52 0 
3 16 6.144 -52 -2.881 3.248 -52 -1.875 4.304 -52 -4.26 
3 16 1.875 -52 -3.248 4.304 -52 -4.26 3.248 -52 -1.875 
3 16 6.144 -52 2.881 4.304 -52 4.26 3.248 -52 1.875 
3 16 3.248 -52 1.875 4.304 -52 4.26 1.875 -52 3.248 
3 16 3.75 -52 0 6.144 -52 2.881 3.248 -52 1.875 
3 16 2.925 -52 -6.1 0 -52 -3.75 -3.815 -52 -4.691 
3 16 -2.837 -52 -6.1 2.925 -52 -6.1 -3.815 -52 -4.691 
3 16 -4.41 -52 4.073 -4.41 -52 -4.073 -3.012 -52 2.248 
3 16 -3.012 -52 2.248 -4.41 -52 -4.073 -3.012 -52 -2.248 
3 16 -3.012 -52 -2.248 -4.41 -52 -4.073 -1.875 -52 -3.248 
3 16 -4.41 -52 -4.073 -3.815 -52 -4.691 -1.875 -52 -3.248 
3 16 -1.875 -52 -3.248 -3.815 -52 -4.691 0 -52 -3.75 
3 16 0 -52 -3.75 2.925 -52 -6.1 4.304 -52 -4.26 
3 16 0 -52 -3.75 4.304 -52 -4.26 1.875 -52 -3.248 
3 16 0 -52 3.749 2.925 -52 6.1 -3.815 -52 4.691 
3 16 -3.815 -52 4.691 -4.41 -52 4.073 0 -52 3.749 
3 16 -1.875 -52 3.248 -4.41 -52 4.073 -3.012 -52 2.248 
3 16 0 -52 3.749 -4.41 -52 4.073 -1.875 -52 3.248 
3 16 0 -52 3.749 4.304 -52 4.26 2.925 -52 6.1 
3 16 -2.837 -52 6.1 -3.815 -52 4.691 2.925 -52 6.1 
3 16 1.875 -52 3.248 4.304 -52 4.26 0 -52 3.749 
3 16 -3.012 -52 2.248 -3.012 -52 -2.248 -2.969 -50.75 2.233 
3 16 -3.012 -52 -2.248 -2.969 -50.75 -2.233 -2.969 -50.75 2.233 
3 16 -1.875 -52 3.248 -3.012 -52 2.248 -1.875 -50.75 3.248 
3 16 -1.875 -50.75 3.248 -3.012 -52 2.248 -2.969 -50.75 2.233 
3 16 -3.012 -52 -2.248 -1.875 -52 -3.248 -2.969 -50.75 -2.233 
3 16 -1.875 -52 -3.248 -1.875 -50.75 -3.248 -2.969 -50.75 -2.233 
3 16 -1.875 -52 -3.248 0 -52 -3.75 -1.875 -50.75 -3.248 
3 16 0 -52 -3.75 0 -50.75 -3.75 -1.875 -50.75 -3.248 
3 16 0 -52 -3.75 1.875 -52 -3.248 0 -50.75 -3.75 
3 16 1.875 -52 -3.248 1.875 -50.75 -3.248 0 -50.75 -3.75 
3 16 1.875 -52 -3.248 3.248 -52 -1.875 1.875 -50.75 -3.248 
3 16 3.248 -52 -1.875 3.248 -50.75 -1.875 1.875 -50.75 -3.248 
3 16 3.248 -52 -1.875 3.75 -52 0 3.248 -50.75 -1.875 
3 16 3.75 -52 0 3.75 -50.75 0 3.248 -50.75 -1.875 
3 16 3.248 -50.75 1.875 3.75 -50.75 0 3.248 -52 1.875 
3 16 3.75 -50.75 0 3.75 -52 0 3.248 -52 1.875 
3 16 1.875 -50.75 3.248 3.248 -50.75 1.875 1.875 -52 3.248 
3 16 3.248 -50.75 1.875 3.248 -52 1.875 1.875 -52 3.248 
3 16 0 -50.75 3.749 1.875 -50.75 3.248 0 -52 3.749 
3 16 1.875 -50.75 3.248 1.875 -52 3.248 0 -52 3.749 
3 16 -1.875 -50.75 3.248 0 -50.75 3.749 -1.875 -52 3.248 
3 16 0 -50.75 3.749 0 -52 3.749 -1.875 -52 3.248 
3 16 1.875 -50.75 -3.248 3.248 -50.75 -1.875 -1.875 -50.75 -3.248 
3 16 -1.875 -50.75 -3.248 3.248 -50.75 -1.875 -2.969 -50.75 -2.233 
3 16 -2.969 -50.75 -2.233 3.248 -50.75 -1.875 3.75 -50.75 0 
3 16 -2.969 -50.75 -2.233 3.75 -50.75 0 -2.969 -50.75 2.233 
3 16 3.75 -50.75 0 3.248 -50.75 1.875 -2.969 -50.75 2.233 
3 16 -1.875 -50.75 3.248 -2.969 -50.75 2.233 1.875 -50.75 3.248 
3 16 0 -50.75 -3.75 1.875 -50.75 -3.248 -1.875 -50.75 -3.248 
3 16 0 -50.75 3.749 -1.875 -50.75 3.248 1.875 -50.75 3.248 
3 16 -2.969 -50.75 2.233 3.248 -50.75 1.875 1.875 -50.75 3.248 
3 16 -4.41 -52 -4.073 -4.41 -52 4.073 -6.056 -44.254 -2.881 
3 16 -6.056 -44.254 -2.881 -4.41 -52 4.073 -6.056 -44.254 2.881 
3 16 13.819 -40 -2.881 13.819 -52 -2.881 13.819 -40 2.881 
3 16 13.819 -52 -2.881 13.819 -52 2.881 13.819 -40 2.881 
3 16 13.819 -40 2.881 13.819 -52 2.881 15.659 -40 4.26 
3 16 13.819 -52 2.881 15.659 -52 4.26 15.659 -40 4.26 
3 16 15.659 -40 4.26 15.659 -52 4.26 17.037 -40 6.1 
3 16 15.659 -52 4.26 17.037 -52 6.1 17.037 -40 6.1 
3 16 17.037 -40 6.1 17.037 -52 6.1 22.8 -40 6.1 
3 16 17.037 -52 6.1 22.8 -52 6.1 22.8 -40 6.1 
3 16 23.777 -52 4.691 24.179 -40 4.26 22.8 -52 6.1 
3 16 24.179 -40 4.26 22.8 -40 6.1 22.8 -52 6.1 
3 16 24.179 -40 4.26 23.777 -52 4.691 26.019 -44.254 2.881 
3 16 23.777 -52 4.691 24.372 -52 4.073 26.019 -44.254 2.881 
3 16 24.179 -40 4.26 26.019 -44.254 2.881 26.019 -40 2.881 
3 16 26.019 -40 2.881 26.019 -44.254 2.881 26.019 -40 -2.881 
3 16 26.019 -44.254 2.881 26.019 -44.254 -2.881 26.019 -40 -2.881 
3 16 24.372 -52 -4.073 23.777 -52 -4.691 26.019 -44.254 -2.881 
3 16 26.019 -44.254 -2.881 23.777 -52 -4.691 24.179 -40 -4.26 
3 16 26.019 -44.254 -2.881 24.179 -40 -4.26 26.019 -40 -2.881 
3 16 24.179 -40 -4.26 23.777 -52 -4.691 22.8 -40 -6.1 
3 16 23.777 -52 -4.691 22.8 -52 -6.1 22.8 -40 -6.1 
3 16 22.8 -40 -6.1 22.8 -52 -6.1 17.037 -40 -6.1 
3 16 22.8 -52 -6.1 17.037 -52 -6.1 17.037 -40 -6.1 
3 16 17.037 -40 -6.1 17.037 -52 -6.1 15.659 -40 -4.26 
3 16 17.037 -52 -6.1 15.659 -52 -4.26 15.659 -40 -4.26 
3 16 15.659 -40 -4.26 15.659 -52 -4.26 13.819 -40 -2.881 
3 16 15.659 -52 -4.26 13.819 -52 -2.881 13.819 -40 -2.881 
3 16 13.819 -52 2.881 13.819 -52 -2.881 16.213 -52 0 
3 16 16.715 -52 -1.875 16.213 -52 0 13.819 -52 -2.881 
3 16 13.819 -52 -2.881 15.659 -52 -4.26 16.715 -52 -1.875 
3 16 18.088 -52 -3.248 16.715 -52 -1.875 15.659 -52 -4.26 
3 16 13.819 -52 2.881 16.715 -52 1.875 15.659 -52 4.26 
3 16 16.715 -52 1.875 18.088 -52 3.248 15.659 -52 4.26 
3 16 16.213 -52 0 16.715 -52 1.875 13.819 -52 2.881 
3 16 19.963 -52 -3.75 15.659 -52 -4.26 17.037 -52 -6.1 
3 16 22.8 -52 -6.1 23.777 -52 -4.691 17.037 -52 -6.1 
3 16 24.372 -52 -4.073 24.372 -52 4.073 22.975 -52 -2.248 
3 16 22.975 -52 2.248 22.975 -52 -2.248 24.372 -52 4.073 
3 16 22.975 -52 -2.248 21.838 -52 -3.248 24.372 -52 -4.073 
3 16 24.372 -52 -4.073 21.838 -52 -3.248 23.777 -52 -4.691 
3 16 21.838 -52 -3.248 19.963 -52 -3.75 23.777 -52 -4.691 
3 16 17.037 -52 -6.1 23.777 -52 -4.691 19.963 -52 -3.75 
3 16 19.963 -52 -3.75 18.088 -52 -3.248 15.659 -52 -4.26 
3 16 17.037 -52 6.1 15.659 -52 4.26 19.963 -52 3.749 
3 16 19.963 -52 3.749 24.372 -52 4.073 23.777 -52 4.691 
3 16 21.838 -52 3.248 22.975 -52 2.248 24.372 -52 4.073 
3 16 19.963 -52 3.749 21.838 -52 3.248 24.372 -52 4.073 
3 16 17.037 -52 6.1 19.963 -52 3.749 23.777 -52 4.691 
3 16 22.8 -52 6.1 17.037 -52 6.1 23.777 -52 4.691 
3 16 18.088 -52 3.248 19.963 -52 3.749 15.659 -52 4.26 
3 16 22.975 -52 2.248 22.931 -50.75 2.233 22.975 -52 -2.248 
3 16 22.931 -50.75 2.233 22.931 -50.75 -2.233 22.975 -52 -2.248 
3 16 22.931 -50.75 2.233 22.975 -52 2.248 21.838 -50.75 3.248 
3 16 22.975 -52 2.248 21.838 -52 3.248 21.838 -50.75 3.248 
3 16 22.975 -52 -2.248 22.931 -50.75 -2.233 21.838 -52 -3.248 
3 16 22.931 -50.75 -2.233 21.838 -50.75 -3.248 21.838 -52 -3.248 
3 16 21.838 -52 -3.248 21.838 -50.75 -3.248 19.963 -52 -3.75 
3 16 21.838 -50.75 -3.248 19.963 -50.75 -3.75 19.963 -52 -3.75 
3 16 19.963 -52 -3.75 19.963 -50.75 -3.75 18.088 -52 -3.248 
3 16 19.963 -50.75 -3.75 18.088 -50.75 -3.248 18.088 -52 -3.248 
3 16 18.088 -52 -3.248 18.088 -50.75 -3.248 16.715 -52 -1.875 
3 16 18.088 -50.75 -3.248 16.715 -50.75 -1.875 16.715 -52 -1.875 
3 16 16.715 -52 -1.875 16.715 -50.75 -1.875 16.213 -52 0 
3 16 16.715 -50.75 -1.875 16.213 -50.75 0 16.213 -52 0 
3 16 16.213 -52 0 16.213 -50.75 0 16.715 -52 1.875 
3 16 16.213 -50.75 0 16.715 -50.75 1.875 16.715 -52 1.875 
3 16 16.715 -52 1.875 16.715 -50.75 1.875 18.088 -52 3.248 
3 16 16.715 -50.75 1.875 18.088 -50.75 3.248 18.088 -52 3.248 
3 16 18.088 -52 3.248 18.088 -50.75 3.248 19.963 -52 3.749 
3 16 18.088 -50.75 3.248 19.963 -50.75 3.749 19.963 -52 3.749 
3 16 19.963 -52 3.749 19.963 -50.75 3.749 21.838 -52 3.248 
3 16 19.963 -50.75 3.749 21.838 -50.75 3.248 21.838 -52 3.248 
3 16 16.715 -50.75 -1.875 18.088 -50.75 -3.248 22.931 -50.75 -2.233 
3 16 18.088 -50.75 -3.248 21.838 -50.75 -3.248 22.931 -50.75 -2.233 
3 16 22.931 -50.75 -2.233 16.213 -50.75 0 16.715 -50.75 -1.875 
3 16 22.931 -50.75 -2.233 22.931 -50.75 2.233 16.213 -50.75 0 
3 16 16.213 -50.75 0 22.931 -50.75 2.233 16.715 -50.75 1.875 
3 16 22.931 -50.75 2.233 21.838 -50.75 3.248 16.715 -50.75 1.875 
3 16 19.963 -50.75 -3.75 21.838 -50.75 -3.248 18.088 -50.75 -3.248 
3 16 16.715 -50.75 1.875 21.838 -50.75 3.248 18.088 -50.75 3.248 
3 16 18.088 -50.75 3.248 21.838 -50.75 3.248 19.963 -50.75 3.749 
3 16 26.019 -44.254 2.881 24.372 -52 4.073 26.019 -44.254 -2.881 
3 16 24.372 -52 -4.073 26.019 -44.254 -2.881 24.372 -52 4.073 
3 16 1.75 0 10 1.75 -28.342 10 2.855 0 14.125 
3 16 1.75 -28.342 10 2.855 -23.088 14.125 2.855 0 14.125 
3 16 2.855 -36.953 5.875 2.649 -36.953 6.643 2.855 0 5.875 
3 16 2.855 0 5.875 2.649 -36.953 6.643 1.75 0 10 
3 16 1.75 -28.342 10 1.75 0 10 2.649 -36.953 6.643 
3 16 2.855 -36.953 5.875 2.855 0 5.875 5.875 -36.951 2.855 
3 16 5.875 -36.951 2.855 2.855 0 5.875 5.875 0 2.855 
3 16 10 0 1.75 10 -36.953 1.75 5.875 0 2.855 
3 16 10 -36.953 1.75 5.875 -36.951 2.855 5.875 0 2.855 
3 16 10 -36.953 1.75 10 0 1.75 14.125 -36.954 2.855 
3 16 14.125 -36.954 2.855 10 0 1.75 14.125 0 2.855 
3 16 14.125 -36.954 2.855 14.125 0 2.855 17.145 -36.953 5.875 
3 16 17.145 -36.953 5.875 14.125 0 2.855 17.145 0 5.875 
3 16 17.32 -36.953 6.53 17.145 -36.953 5.875 17.899 -29.476 8.692 
3 16 17.899 -29.476 8.692 17.145 -36.953 5.875 17.145 0 5.875 
3 16 18.25 -27.933 10 17.899 -29.476 8.692 18.25 0 10 
3 16 17.899 -29.476 8.692 17.145 0 5.875 18.25 0 10 
3 16 18.25 -27.933 10 18.25 0 10 17.145 -23.324 14.125 
3 16 17.145 -23.324 14.125 18.25 0 10 17.145 0 14.125 
3 16 17.145 -23.324 14.125 17.145 0 14.125 14.125 -20.262 17.145 
3 16 14.125 -20.262 17.145 17.145 0 14.125 14.125 0 17.145 
3 16 14.125 -20.262 17.145 14.125 0 17.145 10 -19.324 18.25 
3 16 10 -19.324 18.25 14.125 0 17.145 10 0 18.25 
3 16 5.875 0 17.145 5.875 -19.785 17.145 10 0 18.25 
3 16 5.875 -19.785 17.145 10 -19.324 18.25 10 0 18.25 
3 16 2.855 0 14.125 2.855 -23.088 14.125 5.875 0 17.145 
3 16 2.855 -23.088 14.125 5.875 -19.785 17.145 5.875 0 17.145 
2 24 58.617 -23.978 30.834 59.77 -23.353 30.647 
2 24 59.77 -23.353 30.647 58.804 -23.448 30.664 
2 24 56.973 -15.691 23.624 63.077 -13.99 22.945 
2 24 63.077 -13.99 22.945 62.068 -13.953 22.823 
2 24 44.684 -20.046 28.427 52.909 -15.857 24.447 
2 24 56.853 -20.769 28.271 51.047 -24.319 31.376 
2 24 51.543 -24.907 31.642 57.324 -21.503 28.442 
2 24 51.047 -24.319 31.376 51.543 -24.907 31.642 
2 24 51.543 -24.907 31.642 52.261 -25.114 31.991 
2 24 52.261 -25.114 31.991 57.677 -21.801 29.213 
2 24 45.131 -20.844 28.932 53.415 -16.902 24.598 
2 24 44.684 -20.046 28.427 45.131 -20.844 28.932 
2 24 59.129 -23.956 31.063 59.77 -23.353 30.647 
2 24 62.296 -14.362 23.169 63.077 -13.99 22.945 
2 24 58.804 -23.448 30.664 54.017 -26.397 32.993 
2 24 54.017 -26.397 32.993 54.542 -27.07 33.486 
2 24 54.542 -27.07 33.486 58.617 -23.978 30.834 
2 24 57.677 -21.801 29.213 61.027 -20.116 27.942 
2 24 60.622 -19.969 27.548 57.324 -21.503 28.442 
2 24 60.397 -19.612 27.415 56.853 -20.769 28.271 
2 24 62.937 -16.29 24.804 58.749 -17.593 25.178 
2 24 62.371 -16.856 25.157 62.937 -16.29 24.804 
2 24 59.41 -17.843 25.885 62.371 -16.856 25.157 
2 24 62.937 -16.29 24.804 62.068 -16.259 24.692 
2 24 62.068 -16.259 24.692 58.62 -17.155 25.172 
2 24 57.463 -15.984 24.35 62.296 -14.362 23.169 
2 24 53.415 -16.902 24.598 56.973 -15.691 23.624 
2 24 56.458 -14.79 23.442 52.909 -15.857 24.447 
2 24 46.106 -21.296 29.294 45.131 -20.844 28.932 
2 24 47.954 -22.706 30.135 47.576 -21.958 29.644 
2 24 48.89 -23.006 30.388 47.954 -22.706 30.135 
2 24 56.458 -14.79 23.442 62.068 -13.953 22.823 
2 24 55.549 -27.154 33.59 54.542 -27.07 33.486 
2 24 55.549 -27.154 33.59 59.129 -23.956 31.063 
2 24 56.552 -26.493 25.849 51.717 -29.212 28.188 
2 24 56.243 -26.468 25.808 56.552 -26.493 25.849 
2 24 51.717 -29.212 28.188 51.424 -28.943 27.887 
2 24 51.424 -28.943 27.887 56.243 -26.468 25.808 
2 24 55.617 -17.367 19.628 52.475 -18.247 20.495 
2 24 59.453 -17.103 18.917 60.027 -17.466 19.033 
2 24 60.027 -17.466 19.033 55.861 -17.819 20.171 
2 24 52.475 -18.247 20.495 43.504 -22.856 24.804 
2 24 59.559 -17.712 19.236 60.027 -17.466 19.033 
2 24 58.422 -20.336 21.009 57.844 -20.154 20.913 
2 24 57.844 -20.154 20.913 54.244 -20.893 21.789 
2 24 53.182 -19.538 21.096 55.979 -18.526 20.184 
2 24 48.795 -26.926 26.536 55.516 -23.234 23.258 
2 24 49.159 -27.423 26.939 48.795 -26.926 26.536 
2 24 55.778 -23.565 23.924 49.159 -27.423 26.939 
2 24 56.487 -26.679 26.005 56.552 -26.493 25.849 
2 24 49.676 -30.724 29.576 46.966 -29.081 28.469 
2 24 58.636 -22.906 22.946 55.778 -23.565 23.924 
2 24 58.182 -22.792 22.851 58.636 -22.906 22.946 
2 24 55.516 -23.234 23.258 58.182 -22.792 22.851 
2 24 49.744 -27.768 27.067 49.159 -27.423 26.939 
2 24 56.162 -24.212 23.936 49.744 -27.768 27.067 
2 24 46.4 -25.509 25.922 46.253 -24.813 25.451 
2 24 54.436 -21.266 22.344 46.4 -25.509 25.922 
2 24 46.253 -24.813 25.451 54.244 -20.893 21.789 
2 24 58.422 -20.336 21.009 54.436 -21.266 22.344 
2 24 47.129 -25.697 25.905 46.4 -25.509 25.922 
2 24 54.69 -21.855 22.354 47.129 -25.697 25.905 
2 24 57.911 -20.773 21.338 54.69 -21.855 22.354 
2 24 52.76 -18.757 21.147 43.777 -23.554 25.197 
2 24 43.777 -23.554 25.197 43.504 -22.856 24.804 
2 24 55.861 -17.819 20.171 52.76 -18.757 21.147 
2 24 55.617 -17.367 19.628 59.453 -17.103 18.917 
2 24 44.54 -24 25.278 43.777 -23.554 25.197 
2 24 53.182 -19.538 21.096 44.54 -24 25.278 
2 24 59.559 -17.712 19.236 55.979 -18.526 20.184 
2 24 41.424 -24.402 26.423 39.477 -21.58 25.698 
2 24 58.344 -23.193 23.177 58.636 -22.906 22.946 
2 24 46.966 -29.081 28.469 44.104 -26.822 27.359 
2 24 44.104 -26.822 27.359 41.424 -24.402 26.423 
2 24 52.228 -29.422 28.295 51.717 -29.212 28.188 
2 24 56.487 -26.679 26.005 52.228 -29.422 28.295 
2 24 58.344 -23.193 23.177 56.162 -24.212 23.936 
2 24 58.422 -20.336 21.009 57.911 -20.773 21.338 
2 24 -1.758 -5.381 4.297 -4.023 -5.378 2.164 
2 24 -5.181 -5.378 3.124 -3.178 -5.363 5.142 
2 24 -6.031 -5.378 0.449 -5.181 -5.378 3.124 
2 24 -4.023 -5.378 2.164 -4.602 -5.378 0.318 
2 24 -4.998 -5.378 -2.694 -6.031 -5.378 0.449 
2 24 -4.602 -5.378 0.318 -3.895 -5.378 -2.112 
2 24 -2.605 -5.378 -5.42 -4.998 -5.378 -2.694 
2 24 -3.895 -5.378 -2.112 -1.642 -5.378 -4.27 
2 24 0.815 -5.378 -5.84 -2.605 -5.378 -5.42 
2 24 -1.642 -5.378 -4.27 1.477 -5.378 -4.194 
2 24 1.477 -5.378 -4.194 4.15 -5.378 -2.696 
2 24 3.463 -5.378 -4.982 0.815 -5.378 -5.84 
2 24 5.049 -5.378 -3.691 3.463 -5.378 -4.982 
2 24 -1.013 -5.378 6.318 -1.758 -5.381 4.297 
2 24 -3.178 -5.363 5.142 -1.127 -5.378 6.382 
2 24 6.435 -5.378 -3.908 5.049 -5.378 -3.691 
2 24 4.15 -5.378 -2.696 6.435 -5.378 -3.908 
2 24 -5.177 -3.352 3.121 -2.896 -0.003 5.317 
2 24 -2.437 -4.392 -5.544 -4.998 -5.378 -2.694 
2 24 0.523 -2.369 -5.848 -2.437 -4.392 -5.544 
2 24 3.438 -0.003 -5 0.523 -2.369 -5.848 
2 24 5.049 -0.004 -3.691 3.438 -0.003 -5 
2 24 -1.032 -0.003 6.555 -0.782 -0.001 8.729 
2 24 -0.87 -5.378 7.512 -1.127 -5.378 6.382 
2 24 6.435 -0.003 -3.908 5.049 -0.004 -3.691 
2 24 -6.031 -5.378 0.449 -5.933 -5.034 1.096 
2 24 -5.933 -5.034 1.096 -5.177 -3.352 3.121 
2 24 -3.662 -36.953 -1.987 -4.327 -36.953 0.299 
2 24 -1.543 -36.953 -4.015 -3.662 -36.953 -1.987 
2 24 -4.327 -36.953 0.299 -3.782 -36.953 2.035 
2 24 1.39 -36.953 -3.944 -1.543 -36.953 -4.015 
2 24 -3.782 -36.953 2.035 -1.344 -36.953 4.212 
2 24 25.408 -36.953 -3.152 21.873 -36.953 -5.547 
2 24 25.749 -36.953 6.449 25.408 -36.953 -3.152 
2 24 21.839 -36.953 6.487 25.749 -36.953 6.449 
2 24 25.818 -29.108 8.077 25.749 -36.953 6.449 
2 24 25.896 -20.152 16.365 25.818 -29.108 8.077 
2 24 -0.667 -34.679 7.124 -0.563 -29.745 8.817 
2 24 5.129 -36.953 6.627 -0.688 -36.953 6.665 
2 24 -0.688 -36.953 6.665 -0.667 -34.679 7.124 
2 24 11.694 -36.953 6.584 5.129 -36.953 6.627 
2 24 6.708 -36.948 -3.777 4.016 -36.979 -2.306 
2 24 9.159 -36.957 -5.623 6.708 -36.948 -3.777 
2 24 2.161 -16.382 19.716 4.737 -15.96 21.686 
2 24 0.359 -18.888 16.437 2.161 -16.382 19.716 
2 24 4.737 -15.96 21.686 6.882 -16.92 21.434 
2 24 25.906 -18.773 21.286 25.896 -20.152 16.365 
2 24 26.025 -0.003 8.698 26.025 -0.003 2.54 
2 24 -0.688 -36.953 6.665 -1.344 -36.953 4.212 
2 24 21.839 -36.953 6.487 11.694 -36.953 6.584 
2 24 20.631 -18.504 25.911 24.324 -18.863 25.591 
2 24 24.324 -18.863 25.591 25.906 -18.773 21.286 
2 24 21.873 -36.953 -5.547 9.159 -36.957 -5.623 
2 24 4.016 -36.979 -2.306 1.39 -36.953 -3.944 
2 24 26.024 -0.003 20.075 26.025 -0.002 16.632 
2 24 1.353 -5.378 18.606 4.617 -5.378 21.918 
2 24 4.617 -5.378 21.918 6.302 -5.378 21.833 
2 24 14.435 -17.433 25.877 9.741 -16.955 22.839 
2 24 9.557 0.018 22.823 14.314 -0.003 25.952 
2 24 26.023 -0.003 22.444 26.024 -0.003 20.075 
2 24 24.337 0 25.704 26.023 -0.003 22.444 
2 24 20.617 -0.002 26.028 24.337 0 25.704 
2 24 26.025 -0.002 16.632 26.025 -0.003 8.698 
2 24 0.359 -18.888 16.437 -0.563 -29.745 8.817 
2 24 -0.884 -5.377 13.362 1.353 -5.378 18.606 
2 24 -0.87 -5.378 7.512 -1.013 -5.378 6.318 
2 24 -0.667 -0.003 13.058 -0.884 -5.377 13.362 
2 24 -0.782 -0.001 8.729 -0.667 -0.003 13.058 
2 24 3.989 -5.378 24.958 5.463 -0.003 23.281 
2 24 6.302 -5.378 21.833 3.989 -5.378 24.958 
2 24 5.463 -0.003 23.281 6.803 -0.003 21.559 
2 24 -3.902 -5.379 14.945 -0.086 -5.378 20.441 
2 24 -0.884 -5.377 13.362 -3.902 -5.379 14.945 
2 24 -0.086 -5.378 20.441 3.989 -5.378 24.958 
2 24 6.882 -16.92 21.434 9.741 -16.955 22.839 
2 24 20.631 -18.504 25.911 14.435 -17.433 25.877 
2 24 14.314 -0.003 25.952 20.617 -0.002 26.028 
2 24 -2.896 -0.003 5.317 -3.135 -0.003 6.534 
2 24 -1.032 -0.003 6.555 -2.896 -0.003 5.317 
2 24 -3.135 -0.003 6.534 -3.504 -0.003 8.882 
2 24 -3.504 -0.003 8.882 -2.381 -0.003 13.206 
2 24 -2.381 -0.003 13.206 -2.004 -0.003 13.927 
2 24 -2.004 -0.003 13.927 -0.667 -0.003 13.058 
2 24 4.786 -0.003 -6.184 3.438 -0.003 -5 
2 24 9.599 -0.003 -9.8 4.786 -0.003 -6.184 
2 24 6.435 -0.003 -3.908 9.072 0 -5.881 
2 24 26.036 -0.003 -9.8 22.717 -0.001 -9.801 
2 24 27.665 -0.003 -5.289 26.036 -0.003 -9.8 
2 24 21.927 -0.003 -5.796 25.636 0.001 -3.374 
2 24 28.766 0 2.537 27.665 -0.003 -5.289 
2 24 25.636 0.001 -3.374 26.025 -0.003 2.54 
2 24 29.082 0 8.7 28.766 0 2.537 
2 24 22.717 -0.001 -9.801 9.599 -0.003 -9.8 
2 24 9.072 0 -5.881 21.927 -0.003 -5.796 
2 24 29.07 -0.002 16.634 29.082 0 8.7 
2 24 8.501 -0.003 25.632 14.68 -0.003 28.568 
2 24 28.151 -0.023 23.088 28.743 0.007 20.252 
2 24 26.572 -0.002 27.487 28.151 -0.023 23.088 
2 24 25.329 -0.003 29.469 26.572 -0.002 27.487 
2 24 28.743 0.007 20.252 29.07 -0.002 16.634 
2 24 14.68 -0.003 28.568 21.745 -0.013 29.675 
2 24 21.745 -0.013 29.675 25.329 -0.003 29.469 
2 24 8.501 -0.003 25.632 5.463 -0.003 23.281 
2 24 -3.902 -5.379 14.945 -2.004 -0.003 13.927 
2 24 28.211 -6.39 -9.8 26.036 -0.003 -9.8 
2 24 -7.483 -40 -9.808 27.487 -40 -9.8 
2 24 29.837 -21.872 -9.8 28.211 -6.39 -9.8 
2 24 -7.483 -40 -9.808 -7.729 -40 -2.054 
2 24 -8.362 -28.86 -9.8 -7.483 -40 -9.808 
2 24 27.487 -40 -9.8 28.363 -28.867 -9.75 
2 24 27.651 -40 -1.975 27.487 -40 -9.8 
2 24 -8.022 -21.872 -9.8 -8.362 -28.86 -9.8 
2 24 -0.986 -6.286 -9.8 -8.022 -21.872 -9.8 
2 24 29.724 -29.49 9.345 27.101 -40 9.298 
2 24 27.101 -40 9.298 27.651 -40 -1.975 
2 24 6.803 -0.003 21.559 9.557 0.018 22.823 
2 24 53.921 -33.004 31.921 49.676 -30.724 29.576 
2 24 55.812 -19.381 27.135 48.89 -23.006 30.388 
2 24 55.363 -19.018 26.299 47.954 -22.706 30.135 
2 24 54.971 -18.317 26.179 47.576 -21.958 29.644 
2 24 54.147 -17.162 25.434 46.106 -21.296 29.294 
2 24 59.41 -17.843 25.885 55.812 -19.381 27.135 
2 24 58.749 -17.593 25.178 55.363 -19.018 26.299 
2 24 58.62 -17.155 25.172 54.971 -18.317 26.179 
2 24 57.463 -15.984 24.35 54.147 -17.162 25.434 
2 24 24.3 -25.558 14.297 31.933 -24.38 11.146 
2 24 -7.417 -40 9.162 -7.729 -40 -2.054 
2 24 27.101 -40 9.298 -7.417 -40 9.162 
2 24 -6.752 -22.544 13.947 6.845 -24.8 16.156 
2 24 6.845 -24.8 16.156 24.3 -25.558 14.297 
2 24 54.063 -41.168 37.52 52.996 -40.172 36.936 
2 24 54.014 -40.889 37.345 54.063 -41.168 37.52 
2 24 53.478 -40.005 36.689 54.014 -40.889 37.345 
2 24 53.756 -34.384 33.295 51.217 -35.368 33.179 
2 24 56.242 -47.691 47.784 55.581 -47.806 47.93 
2 24 39.286 -38.855 36.606 44.536 -45.989 41.126 
2 24 44.536 -45.989 41.126 47.865 -48.636 42.579 
2 24 39.878 -38.693 36.32 39.286 -38.855 36.606 
2 24 38.441 -36.498 34.905 43.291 -36.913 33.779 
2 24 45.417 -45.332 40.338 40.625 -38.737 35.983 
2 24 43.303 -38.853 35.428 47.003 -43.984 39.028 
2 24 44.794 -38.483 34.938 44.01 -38.507 35.098 
2 24 47.601 -43.474 38.971 44.01 -38.507 35.098 
2 24 44.794 -38.483 34.938 48.111 -43.323 38.345 
2 24 50.628 -45.873 40.581 47.601 -43.474 38.971 
2 24 48.111 -43.323 38.345 51.059 -45.682 39.888 
2 24 54.452 -48.15 41.812 50.628 -45.873 40.581 
2 24 51.059 -45.682 39.888 54.678 -47.92 41.519 
2 24 54.678 -47.92 41.519 55.239 -48.478 41.958 
2 24 55.239 -48.478 41.958 54.452 -48.15 41.812 
2 24 47.415 -36.296 33.219 43.291 -36.913 33.779 
2 24 47.201 -38.393 34.804 49.564 -42.027 37.362 
2 24 48.465 -37.971 34.565 47.68 -37.932 34.479 
2 24 51.217 -35.368 33.179 47.415 -36.296 33.219 
2 24 52.813 -43.739 39.077 50.08 -41.38 37.413 
2 24 50.578 -41.111 36.827 53.119 -43.429 38.625 
2 24 51.715 -37.24 34.544 51.117 -37.34 34.567 
2 24 52.104 -34.057 39.418 54.977 -37.309 41.561 
2 24 52.803 -33.91 39.163 52.104 -34.057 39.418 
2 24 55.44 -37.245 41.149 52.803 -33.91 39.163 
2 24 48.592 -34.458 40.07 52.495 -39.077 43.007 
2 24 49.411 -34.231 39.771 48.592 -34.458 40.07 
2 24 53.147 -38.836 42.258 49.411 -34.231 39.771 
2 24 46.614 -34.927 40.596 51.137 -40.424 43.918 
2 24 49.593 -41.088 44.524 53.045 -43.454 45.631 
2 24 53.57 -43.294 45.083 50.306 -40.98 43.854 
2 24 44.962 -35.188 41.028 49.593 -41.088 44.524 
2 24 45.853 -35.111 40.804 44.962 -35.188 41.028 
2 24 50.306 -40.98 43.854 45.853 -35.111 40.804 
2 24 42.442 -35.294 41.391 47.872 -42.312 45.469 
2 24 51.634 -45.366 46.802 47.872 -42.312 45.469 
2 24 47.166 -43.042 45.357 50.955 -45.941 46.77 
2 24 46.529 -43.457 46.275 50.478 -46.325 47.477 
2 24 39.878 -38.693 36.32 45.108 -45.38 41.136 
2 24 45.108 -45.38 41.136 48.246 -47.847 42.535 
2 24 53.843 -51.174 43.852 47.865 -48.636 42.579 
2 24 48.246 -47.847 42.535 53.972 -50.871 43.673 
2 24 48.41 -47.7 41.678 54.172 -50.66 43.468 
2 24 45.417 -45.332 40.338 48.41 -47.7 41.678 
2 24 39.878 -38.693 36.32 40.625 -38.737 35.983 
2 24 44.01 -38.507 35.098 43.303 -38.853 35.428 
2 24 50.001 -46.422 40.63 47.003 -43.984 39.028 
2 24 54.345 -48.611 41.953 50.001 -46.422 40.63 
2 24 50.08 -41.38 37.413 47.68 -37.932 34.479 
2 24 48.465 -37.971 34.565 50.578 -41.111 36.827 
2 24 54.774 -45.03 39.859 52.813 -43.739 39.077 
2 24 54.56 -44.63 39.587 54.774 -45.03 39.859 
2 24 53.119 -43.429 38.625 54.56 -44.63 39.587 
2 24 47.201 -38.393 34.804 47.68 -37.932 34.479 
2 24 52.5 -44.26 39.083 49.564 -42.027 37.362 
2 24 52.996 -40.172 36.936 51.117 -37.34 34.567 
2 24 51.715 -37.24 34.544 53.478 -40.005 36.689 
2 24 54.841 -51.139 43.837 53.972 -50.871 43.673 
2 24 54.172 -50.66 43.468 54.841 -51.139 43.837 
2 24 51.117 -37.34 34.567 50.624 -37.652 34.591 
2 24 52.581 -40.542 36.806 50.624 -37.652 34.591 
2 24 53.843 -38.107 42.237 56.764 -41.056 43.658 
2 24 56.57 -37.99 41.807 54.977 -37.309 41.561 
2 24 52.495 -39.077 43.007 56.764 -41.056 43.658 
2 24 56.764 -41.056 43.658 53.147 -38.836 42.258 
2 24 56.57 -37.99 41.807 55.44 -37.245 41.149 
2 24 40.663 -35.801 41.906 46.529 -43.457 46.275 
2 24 41.505 -35.474 41.572 40.663 -35.801 41.906 
2 24 47.166 -43.042 45.357 41.505 -35.474 41.572 
2 24 42.442 -35.294 41.391 41.505 -35.474 41.572 
2 24 50.478 -46.325 47.477 55.581 -47.806 47.93 
2 24 56.242 -47.691 47.784 50.955 -45.941 46.77 
2 24 55.667 -47.304 47.667 51.634 -45.366 46.802 
2 24 56.242 -47.691 47.784 55.667 -47.304 47.667 
2 24 53.045 -43.454 45.631 55.97 -44.594 45.925 
2 24 55.97 -44.594 45.925 56.596 -44.561 45.801 
2 24 56.596 -44.561 45.801 53.57 -43.294 45.083 
2 24 46.614 -34.927 40.596 45.853 -35.111 40.804 
2 24 53.995 -42.725 44.969 51.137 -40.424 43.918 
2 24 56.054 -44.085 45.559 53.995 -42.725 44.969 
2 24 56.596 -44.561 45.801 56.054 -44.085 45.559 
2 24 50.25 -34.003 39.55 49.411 -34.231 39.771 
2 24 53.843 -38.107 42.237 50.25 -34.003 39.55 
2 24 53.55 -33.694 38.981 52.803 -33.91 39.163 
2 24 55.888 -36.894 41.196 53.55 -33.694 38.981 
2 24 55.888 -36.894 41.196 56.57 -37.99 41.807 
2 24 52.581 -40.542 36.806 53.762 -41.101 37.413 
2 24 52.5 -44.26 39.083 54.323 -45.053 39.79 
2 24 9.599 -0.003 -9.8 -0.986 -6.286 -9.8 
2 24 -7.417 -40 9.162 -8.043 -28.861 9.316 
2 24 28.363 -28.867 -9.75 29.837 -21.872 -9.8 
2 24 31.933 -24.38 11.146 29.724 -29.49 9.345 
2 24 -8.043 -28.861 9.316 -6.752 -22.544 13.947 
2 24 38.441 -36.498 34.905 34.538 -34.721 36.511 
2 24 54.841 -51.139 43.837 53.843 -51.174 43.852 
2 24 55.239 -48.478 41.958 54.345 -48.611 41.953 
2 24 54.774 -45.03 39.859 54.323 -45.053 39.79 
2 24 54.063 -41.168 37.52 53.762 -41.101 37.413 
2 24 60.397 -19.612 27.415 62.039 -19.368 27.372 
2 24 60.622 -19.969 27.548 62.039 -19.368 27.372 
2 24 61.027 -20.116 27.942 62.039 -19.368 27.372 
2 24 6.144 -40 -2.881 6.144 -40 2.881 
2 24 6.144 -52 -2.881 6.144 -40 -2.881 
2 24 6.144 -40 2.881 6.144 -52 2.881 
2 24 6.144 -52 2.881 6.144 -52 -2.881 
2 24 6.144 -40 2.881 4.304 -40 4.26 
2 24 4.304 -52 4.26 6.144 -52 2.881 
2 24 4.304 -40 4.26 2.925 -40 6.1 
2 24 2.925 -40 6.1 2.925 -52 6.1 
2 24 2.925 -52 6.1 4.304 -52 4.26 
2 24 2.925 -40 6.1 -2.837 -40 6.1 
2 24 -2.837 -40 6.1 -2.837 -52 6.1 
2 24 -2.837 -52 6.1 2.925 -52 6.1 
2 24 -2.837 -40 6.1 -4.216 -40 4.26 
2 24 -3.815 -52 4.691 -2.837 -52 6.1 
2 24 -4.41 -52 4.073 -3.815 -52 4.691 
2 24 -6.056 -44.254 2.881 -4.41 -52 4.073 
2 24 -4.216 -40 4.26 -6.056 -40 2.881 
2 24 -6.056 -40 2.881 -6.056 -44.254 2.881 
2 24 -6.056 -44.254 -2.881 -6.056 -44.254 2.881 
2 24 -6.056 -40 -2.881 -6.056 -44.254 -2.881 
2 24 -6.056 -40 2.881 -6.056 -40 -2.881 
2 24 -3.815 -52 -4.691 -4.41 -52 -4.073 
2 24 -4.41 -52 -4.073 -6.056 -44.254 -2.881 
2 24 -6.056 -40 -2.881 -4.216 -40 -4.26 
2 24 -4.216 -40 -4.26 -2.837 -40 -6.1 
2 24 -2.837 -40 -6.1 -2.837 -52 -6.1 
2 24 -2.837 -52 -6.1 -3.815 -52 -4.691 
2 24 -2.837 -40 -6.1 2.925 -40 -6.1 
2 24 2.925 -40 -6.1 2.925 -52 -6.1 
2 24 2.925 -52 -6.1 -2.837 -52 -6.1 
2 24 2.925 -40 -6.1 4.304 -40 -4.26 
2 24 4.304 -52 -4.26 2.925 -52 -6.1 
2 24 4.304 -40 -4.26 6.144 -40 -2.881 
2 24 6.144 -52 -2.881 4.304 -52 -4.26 
2 24 3.75 -52 0 3.248 -52 -1.875 
2 24 3.248 -52 -1.875 1.875 -52 -3.248 
2 24 1.875 -52 3.248 3.248 -52 1.875 
2 24 3.248 -52 1.875 3.75 -52 0 
2 24 -4.41 -52 4.073 -4.41 -52 -4.073 
2 24 -3.012 -52 -2.248 -3.012 -52 2.248 
2 24 -1.875 -52 -3.248 -3.012 -52 -2.248 
2 24 0 -52 -3.75 -1.875 -52 -3.248 
2 24 1.875 -52 -3.248 0 -52 -3.75 
2 24 -3.012 -52 2.248 -1.875 -52 3.248 
2 24 -1.875 -52 3.248 0 -52 3.749 
2 24 0 -52 3.749 1.875 -52 3.248 
2 24 -2.969 -50.75 2.233 -3.012 -52 2.248 
2 24 -3.012 -52 -2.248 -2.969 -50.75 -2.233 
2 24 -2.969 -50.75 -2.233 -2.969 -50.75 2.233 
2 24 -2.969 -50.75 2.233 -1.875 -50.75 3.248 
2 24 -1.875 -50.75 -3.248 -2.969 -50.75 -2.233 
2 24 0 -50.75 -3.75 -1.875 -50.75 -3.248 
2 24 1.875 -50.75 -3.248 0 -50.75 -3.75 
2 24 3.248 -50.75 -1.875 1.875 -50.75 -3.248 
2 24 3.75 -50.75 0 3.248 -50.75 -1.875 
2 24 3.248 -50.75 1.875 3.75 -50.75 0 
2 24 1.875 -50.75 3.248 3.248 -50.75 1.875 
2 24 0 -50.75 3.749 1.875 -50.75 3.248 
2 24 -1.875 -50.75 3.248 0 -50.75 3.749 
2 24 13.819 -40 -2.881 13.819 -52 -2.881 
2 24 13.819 -40 2.881 13.819 -40 -2.881 
2 24 13.819 -52 -2.881 13.819 -52 2.881 
2 24 13.819 -52 2.881 13.819 -40 2.881 
2 24 15.659 -40 4.26 13.819 -40 2.881 
2 24 13.819 -52 2.881 15.659 -52 4.26 
2 24 17.037 -40 6.1 15.659 -40 4.26 
2 24 15.659 -52 4.26 17.037 -52 6.1 
2 24 17.037 -52 6.1 17.037 -40 6.1 
2 24 22.8 -40 6.1 17.037 -40 6.1 
2 24 17.037 -52 6.1 22.8 -52 6.1 
2 24 22.8 -52 6.1 22.8 -40 6.1 
2 24 22.8 -52 6.1 23.777 -52 4.691 
2 24 24.179 -40 4.26 22.8 -40 6.1 
2 24 23.777 -52 4.691 24.372 -52 4.073 
2 24 24.372 -52 4.073 26.019 -44.254 2.881 
2 24 26.019 -44.254 2.881 26.019 -40 2.881 
2 24 26.019 -40 2.881 24.179 -40 4.26 
2 24 26.019 -40 -2.881 26.019 -40 2.881 
2 24 26.019 -44.254 2.881 26.019 -44.254 -2.881 
2 24 26.019 -44.254 -2.881 26.019 -40 -2.881 
2 24 24.372 -52 -4.073 23.777 -52 -4.691 
2 24 26.019 -44.254 -2.881 24.372 -52 -4.073 
2 24 24.179 -40 -4.26 26.019 -40 -2.881 
2 24 22.8 -40 -6.1 24.179 -40 -4.26 
2 24 23.777 -52 -4.691 22.8 -52 -6.1 
2 24 22.8 -52 -6.1 22.8 -40 -6.1 
2 24 17.037 -40 -6.1 22.8 -40 -6.1 
2 24 22.8 -52 -6.1 17.037 -52 -6.1 
2 24 17.037 -52 -6.1 17.037 -40 -6.1 
2 24 15.659 -40 -4.26 17.037 -40 -6.1 
2 24 17.037 -52 -6.1 15.659 -52 -4.26 
2 24 13.819 -40 -2.881 15.659 -40 -4.26 
2 24 15.659 -52 -4.26 13.819 -52 -2.881 
2 24 16.715 -52 -1.875 16.213 -52 0 
2 24 18.088 -52 -3.248 16.715 -52 -1.875 
2 24 16.715 -52 1.875 18.088 -52 3.248 
2 24 16.213 -52 0 16.715 -52 1.875 
2 24 24.372 -52 -4.073 24.372 -52 4.073 
2 24 22.975 -52 2.248 22.975 -52 -2.248 
2 24 22.975 -52 -2.248 21.838 -52 -3.248 
2 24 21.838 -52 -3.248 19.963 -52 -3.75 
2 24 19.963 -52 -3.75 18.088 -52 -3.248 
2 24 21.838 -52 3.248 22.975 -52 2.248 
2 24 19.963 -52 3.749 21.838 -52 3.248 
2 24 18.088 -52 3.248 19.963 -52 3.749 
2 24 22.975 -52 2.248 22.931 -50.75 2.233 
2 24 22.931 -50.75 2.233 22.931 -50.75 -2.233 
2 24 22.931 -50.75 -2.233 22.975 -52 -2.248 
2 24 21.838 -50.75 3.248 22.931 -50.75 2.233 
2 24 22.931 -50.75 -2.233 21.838 -50.75 -3.248 
2 24 21.838 -50.75 -3.248 19.963 -50.75 -3.75 
2 24 19.963 -50.75 -3.75 18.088 -50.75 -3.248 
2 24 18.088 -50.75 -3.248 16.715 -50.75 -1.875 
2 24 16.715 -50.75 -1.875 16.213 -50.75 0 
2 24 16.213 -50.75 0 16.715 -50.75 1.875 
2 24 16.715 -50.75 1.875 18.088 -50.75 3.248 
2 24 18.088 -50.75 3.248 19.963 -50.75 3.749 
2 24 19.963 -50.75 3.749 21.838 -50.75 3.248 
2 24 2.855 0 14.125 1.75 0 10 
2 24 1.75 -28.342 10 2.855 -23.088 14.125 
2 24 2.855 -36.953 5.875 2.649 -36.953 6.643 
2 24 1.75 0 10 2.855 0 5.875 
2 24 2.649 -36.953 6.643 1.75 -28.342 10 
2 24 5.875 -36.951 2.855 2.855 -36.953 5.875 
2 24 2.855 0 5.875 5.875 0 2.855 
2 24 5.875 0 2.855 10 0 1.75 
2 24 10 -36.953 1.75 5.875 -36.951 2.855 
2 24 14.125 -36.954 2.855 10 -36.953 1.75 
2 24 10 0 1.75 14.125 0 2.855 
2 24 17.145 -36.953 5.875 14.125 -36.954 2.855 
2 24 14.125 0 2.855 17.145 0 5.875 
2 24 17.32 -36.953 6.53 17.145 -36.953 5.875 
2 24 17.899 -29.476 8.692 17.32 -36.953 6.53 
2 24 18.25 -27.933 10 17.899 -29.476 8.692 
2 24 17.145 0 5.875 18.25 0 10 
2 24 17.145 -23.324 14.125 18.25 -27.933 10 
2 24 18.25 0 10 17.145 0 14.125 
2 24 14.125 -20.262 17.145 17.145 -23.324 14.125 
2 24 17.145 0 14.125 14.125 0 17.145 
2 24 10 -19.324 18.25 14.125 -20.262 17.145 
2 24 14.125 0 17.145 10 0 18.25 
2 24 10 0 18.25 5.875 0 17.145 
2 24 5.875 -19.785 17.145 10 -19.324 18.25 
2 24 5.875 0 17.145 2.855 0 14.125 
2 24 2.855 -23.088 14.125 5.875 -19.785 17.145 

0 // Stud4
3 16 1.75 0 10 2.855 0 14.125 3.863 0 10 
3 16 2.855 0 14.125 4.685 0 13.069 3.863 0 10 
3 16 2.855 0 5.875 1.75 0 10 4.685 0 6.931 
3 16 1.75 0 10 3.863 0 10 4.685 0 6.931 
3 16 5.875 0 2.855 2.855 0 5.875 6.931 0 4.685 
3 16 2.855 0 5.875 4.685 0 6.931 6.931 0 4.685 
3 16 10 0 1.75 5.875 0 2.855 10 0 3.863 
3 16 5.875 0 2.855 6.931 0 4.685 10 0 3.863 
3 16 14.125 0 2.855 10 0 1.75 13.069 0 4.685 
3 16 10 0 1.75 10 0 3.863 13.069 0 4.685 
3 16 17.145 0 5.875 14.125 0 2.855 15.315 0 6.931 
3 16 14.125 0 2.855 13.069 0 4.685 15.315 0 6.931 
3 16 18.25 0 10 17.145 0 5.875 16.138 0 10 
3 16 17.145 0 5.875 15.315 0 6.931 16.138 0 10 
3 16 17.145 0 14.125 18.25 0 10 15.315 0 13.069 
3 16 18.25 0 10 16.138 0 10 15.315 0 13.069 
3 16 14.125 0 17.145 17.145 0 14.125 13.069 0 15.315 
3 16 17.145 0 14.125 15.315 0 13.069 13.069 0 15.315 
3 16 10 0 18.25 14.125 0 17.145 10 0 16.138 
3 16 14.125 0 17.145 13.069 0 15.315 10 0 16.138 
3 16 5.875 0 17.145 10 0 18.25 6.931 0 15.315 
3 16 10 0 18.25 10 0 16.138 6.931 0 15.315 
3 16 2.855 0 14.125 5.875 0 17.145 4.685 0 13.069 
3 16 5.875 0 17.145 6.931 0 15.315 4.685 0 13.069 
3 16 3.863 -28.397 10 3.863 0 10 4.685 -24.623 13.069 
3 16 4.685 -24.623 13.069 3.863 0 10 4.685 0 13.069 
3 16 4.685 -36.015 6.931 4.685 0 6.931 3.863 -28.397 10 
3 16 3.863 -28.397 10 4.685 0 6.931 3.863 0 10 
3 16 6.931 -36.952 4.685 6.931 0 4.685 4.988 -36.953 6.628 
3 16 4.988 -36.953 6.628 6.931 0 4.685 4.685 -36.015 6.931 
3 16 4.685 -36.015 6.931 6.931 0 4.685 4.685 0 6.931 
3 16 6.931 -36.952 4.685 10 -36.952 3.863 6.931 0 4.685 
3 16 10 -36.952 3.863 10 0 3.863 6.931 0 4.685 
3 16 13.069 -36.954 4.685 13.069 0 4.685 10 -36.952 3.863 
3 16 10 -36.952 3.863 13.069 0 4.685 10 0 3.863 
3 16 13.069 -36.954 4.685 14.937 -36.953 6.553 13.069 0 4.685 
3 16 13.069 0 4.685 14.937 -36.953 6.553 15.315 0 6.931 
3 16 14.937 -36.953 6.553 15.315 -35.76 6.931 15.315 0 6.931 
3 16 15.315 -35.76 6.931 15.809 -29.534 8.773 15.315 0 6.931 
3 16 15.315 0 6.931 15.809 -29.534 8.773 16.138 0 10 
3 16 15.809 -29.534 8.773 16.138 -28.088 10 16.138 0 10 
3 16 16.138 -28.088 10 15.315 -24.59 13.069 16.138 0 10 
3 16 15.315 -24.59 13.069 15.315 0 13.069 16.138 0 10 
3 16 15.315 -24.59 13.069 13.069 -22.15 15.315 15.315 0 13.069 
3 16 13.069 -22.15 15.315 13.069 0 15.315 15.315 0 13.069 
3 16 13.069 -22.15 15.315 10 -21.108 16.137 13.069 0 15.315 
3 16 10 -21.108 16.137 10 0 16.138 13.069 0 15.315 
3 16 6.931 -21.852 15.315 6.931 0 15.315 10 -21.108 16.137 
3 16 10 -21.108 16.137 6.931 0 15.315 10 0 16.138 
3 16 4.685 -24.623 13.069 4.685 0 13.069 6.931 -21.852 15.315 
3 16 6.931 -21.852 15.315 4.685 0 13.069 6.931 0 15.315 
2 24 1.75 0 10 2.855 0 14.125 
2 24 4.685 0 13.069 3.863 0 10 
2 24 2.855 0 5.875 1.75 0 10 
2 24 3.863 0 10 4.685 0 6.931 
2 24 5.875 0 2.855 2.855 0 5.875 
2 24 4.685 0 6.931 6.931 0 4.685 
2 24 10 0 1.75 5.875 0 2.855 
2 24 6.931 0 4.685 10 0 3.863 
2 24 14.125 0 2.855 10 0 1.75 
2 24 10 0 3.863 13.069 0 4.685 
2 24 17.145 0 5.875 14.125 0 2.855 
2 24 13.069 0 4.685 15.315 0 6.931 
2 24 18.25 0 10 17.145 0 5.875 
2 24 15.315 0 6.931 16.138 0 10 
2 24 17.145 0 14.125 18.25 0 10 
2 24 16.138 0 10 15.315 0 13.069 
2 24 14.125 0 17.145 17.145 0 14.125 
2 24 15.315 0 13.069 13.069 0 15.315 
2 24 10 0 18.25 14.125 0 17.145 
2 24 13.069 0 15.315 10 0 16.138 
2 24 5.875 0 17.145 10 0 18.25 
2 24 10 0 16.138 6.931 0 15.315 
2 24 2.855 0 14.125 5.875 0 17.145 
2 24 6.931 0 15.315 4.685 0 13.069 
2 24 4.685 -24.623 13.069 3.863 -28.397 10 
2 24 3.863 -28.397 10 4.685 -36.015 6.931 
2 24 4.988 -36.953 6.628 6.931 -36.952 4.685 
2 24 4.685 -36.015 6.931 4.988 -36.953 6.628 
2 24 6.931 -36.952 4.685 10 -36.952 3.863 
2 24 10 -36.952 3.863 13.069 -36.954 4.685 
2 24 13.069 -36.954 4.685 14.937 -36.953 6.553 
2 24 14.937 -36.953 6.553 15.315 -35.76 6.931 
2 24 15.315 -35.76 6.931 15.809 -29.534 8.773 
2 24 15.809 -29.534 8.773 16.138 -28.088 10 
2 24 16.138 -28.088 10 15.315 -24.59 13.069 
2 24 15.315 -24.59 13.069 13.069 -22.15 15.315 
2 24 13.069 -22.15 15.315 10 -21.108 16.137 
2 24 10 -21.108 16.137 6.931 -21.852 15.315 
2 24 6.931 -21.852 15.315 4.685 -24.623 13.069 

0 // Outside
3 16 28.363 -28.867 -9.75 27.487 -40 -9.8 21.459 -28.944 -9.8 
3 16 29.837 -21.872 -9.8 28.363 -28.867 -9.75 22.58 -21.829 -9.8 
3 16 28.363 -28.867 -9.75 21.459 -28.944 -9.8 22.58 -21.829 -9.8 
3 16 28.211 -6.39 -9.8 29.837 -21.872 -9.8 22.766 -6.435 -9.8 
3 16 29.837 -21.872 -9.8 22.58 -21.829 -9.8 22.766 -6.435 -9.8 
3 16 26.036 -0.003 -9.8 28.211 -6.39 -9.8 22.717 -0.001 -9.801 
3 16 28.211 -6.39 -9.8 22.766 -6.435 -9.8 22.717 -0.001 -9.801 
3 16 -0.986 -6.286 -9.8 9.599 -0.003 -9.8 9.634 -6.394 -9.8 
3 16 -8.022 -21.872 -9.8 -0.986 -6.286 -9.8 5.767 -21.826 -9.8 
3 16 -0.986 -6.286 -9.8 9.634 -6.394 -9.8 5.767 -21.826 -9.8 
3 16 5.767 -21.826 -9.8 5.076 -28.939 -9.8 -8.022 -21.872 -9.8 
3 16 5.076 -28.939 -9.8 -8.362 -28.86 -9.8 -8.022 -21.872 -9.8 
3 16 27.487 -40 -9.8 -7.483 -40 -9.808 5.076 -28.939 -9.8 
3 16 5.076 -28.939 -9.8 -7.483 -40 -9.808 -8.362 -28.86 -9.8 
3 16 9.634 -6.394 -9.8 9.599 -0.003 -9.8 22.766 -6.435 -9.8 
3 16 22.766 -6.435 -9.8 9.599 -0.003 -9.8 22.717 -0.001 -9.801 
3 16 5.767 -21.826 -9.8 9.634 -6.394 -9.8 22.58 -21.829 -9.8 
3 16 9.634 -6.394 -9.8 22.766 -6.435 -9.8 22.58 -21.829 -9.8 
3 16 22.58 -21.829 -9.8 21.459 -28.944 -9.8 5.767 -21.826 -9.8 
3 16 21.459 -28.944 -9.8 5.076 -28.939 -9.8 5.767 -21.826 -9.8 
3 16 27.487 -40 -9.8 5.076 -28.939 -9.8 21.459 -28.944 -9.8 
2 24 28.363 -28.867 -9.75 27.487 -40 -9.8 
2 24 29.837 -21.872 -9.8 28.363 -28.867 -9.75 
2 24 28.211 -6.39 -9.8 29.837 -21.872 -9.8 
2 24 26.036 -0.003 -9.8 28.211 -6.39 -9.8 
2 24 22.717 -0.001 -9.801 26.036 -0.003 -9.8 
2 24 -0.986 -6.286 -9.8 9.599 -0.003 -9.8 
2 24 -8.022 -21.872 -9.8 -0.986 -6.286 -9.8 
2 24 -8.362 -28.86 -9.8 -8.022 -21.872 -9.8 
2 24 27.487 -40 -9.8 -7.483 -40 -9.808 
2 24 -7.483 -40 -9.808 -8.362 -28.86 -9.8 
2 24 9.599 -0.003 -9.8 22.717 -0.001 -9.801 

0 // Outside
3 16 29.724 -29.49 9.345 22.497 -30.212 11.567 27.101 -40 9.298 
3 16 27.101 -40 9.298 22.497 -30.212 11.567 -7.417 -40 9.162 
3 16 29.724 -29.49 9.345 31.933 -24.38 11.146 22.497 -30.212 11.567 
3 16 22.497 -30.212 11.567 31.933 -24.38 11.146 24.3 -25.558 14.297 
3 16 5.631 -29.763 12.589 -8.043 -28.861 9.316 -7.417 -40 9.162 
3 16 -6.752 -22.544 13.947 -8.043 -28.861 9.316 6.845 -24.8 16.156 
3 16 6.845 -24.8 16.156 -8.043 -28.861 9.316 5.631 -29.763 12.589 
3 16 22.497 -30.212 11.567 5.631 -29.763 12.589 -7.417 -40 9.162 
3 16 22.497 -30.212 11.567 24.3 -25.558 14.297 5.631 -29.763 12.589 
3 16 24.3 -25.558 14.297 6.845 -24.8 16.156 5.631 -29.763 12.589 
2 24 27.101 -40 9.298 29.724 -29.49 9.345 
2 24 -7.417 -40 9.162 27.101 -40 9.298 
2 24 29.724 -29.49 9.345 31.933 -24.38 11.146 
2 24 31.933 -24.38 11.146 24.3 -25.558 14.297 
2 24 -8.043 -28.861 9.316 -7.417 -40 9.162 
2 24 -6.752 -22.544 13.947 -8.043 -28.861 9.316 
2 24 6.845 -24.8 16.156 -6.752 -22.544 13.947 
2 24 24.3 -25.558 14.297 6.845 -24.8 16.156 

